1	2
2	2
3	2
4	2
5	2
6	2
7	2
8	2
9	2
10	2
11	2
12	2
13	2
14	2
15	2
16	2
17	2
18	2
19	2
20	2
21	2
22	2
23	2
24	2
25	2
26	2
27	2
28	2
29	2
30	2
31	2
32	2
33	2
34	3
35	3
36	3
37	3
38	3
39	3
40	3
41	3
42	3
43	3
44	3
45	3
46	3
47	3
48	3
49	3
50	3
51	3
52	3
53	3
54	3
55	3
56	3
57	3
58	3
59	3
60	3
61	3
62	3
63	3
64	3
65	3
66	3
67	3
68	3
69	4
70	4
71	4
72	4
73	4
74	4
75	4
76	4
77	4
78	4
79	4
80	4
81	4
82	4
83	4
84	4
85	4
86	4
87	4
88	4
89	4
90	4
91	4
92	4
93	4
94	4
95	4
96	4
97	4
98	4
99	4
100	4
101	5
102	5
103	5
104	5
105	5
106	5
107	5
108	5
109	5
110	5
111	5
112	5
113	5
114	5
115	5
116	5
117	5
118	5
119	5
120	5
121	5
122	5
123	5
124	5
125	5
126	5
127	5
128	5
129	5
130	5
131	5
132	6
133	6
134	6
135	6
136	6
137	6
138	6
139	6
140	6
141	6
142	6
143	6
144	6
145	6
146	6
147	6
148	6
149	6
150	6
151	6
152	6
153	6
154	6
155	6
156	6
157	6
158	6
159	6
160	6
161	6
162	6
163	6
164	7
165	7
166	7
167	7
168	7
169	7
170	7
171	7
172	7
173	7
174	7
175	7
176	7
177	7
178	7
179	7
180	7
181	7
182	7
183	7
184	7
185	7
186	7
187	7
188	7
189	7
190	7
191	7
192	7
193	7
194	7
195	7
196	8
197	8
198	8
199	8
200	8
201	8
202	8
203	8
204	8
205	8
206	8
207	8
208	8
209	8
210	8
211	8
212	8
213	8
214	8
215	8
216	8
217	8
218	8
219	8
220	8
221	8
222	9
223	9
224	9
225	9
226	9
227	9
228	9
229	9
230	9
231	9
232	9
233	9
234	9
235	9
236	9
237	9
238	9
239	9
240	9
241	9
242	9
243	9
244	9
245	9
246	9
247	9
248	9
249	9
250	9
251	9
252	9
253	9
254	10
255	10
256	10
257	10
258	10
259	10
260	10
261	10
262	10
263	10
264	10
265	10
266	10
267	10
268	10
269	10
270	10
271	10
272	10
273	10
274	10
275	10
276	10
277	10
278	10
279	10
280	10
281	10
282	10
283	10
284	10
285	11
286	11
287	11
288	11
289	11
290	11
291	11
292	11
293	11
294	11
295	11
296	11
297	11
298	11
299	11
300	11
301	11
302	11
303	11
304	11
305	11
306	11
307	11
308	11
309	11
310	11
311	11
312	11
313	11
314	11
315	11
316	12
317	12
318	12
319	12
320	12
321	12
322	12
323	12
324	12
325	12
326	12
327	12
328	12
329	12
330	12
331	12
332	12
333	12
334	12
335	12
336	12
337	12
338	12
339	12
340	12
341	12
342	12
343	12
344	12
345	12
346	12
347	12
348	12
349	12
350	13
351	13
352	13
353	13
354	13
355	13
356	13
357	13
358	13
359	13
360	13
361	13
362	13
363	13
364	13
365	13
366	13
367	13
368	13
369	13
370	13
371	13
372	13
373	13
374	13
375	13
376	13
377	13
378	13
379	13
380	13
381	13
382	13
383	13
384	13
385	14
386	14
387	14
388	14
389	14
390	14
391	14
392	14
393	14
394	14
395	14
396	14
397	14
398	14
399	14
400	14
401	14
402	14
403	14
404	14
405	14
406	14
407	14
408	14
409	14
410	14
411	14
412	14
413	14
414	14
415	14
416	14
417	14
418	14
419	14
420	15
421	15
422	15
423	15
424	15
425	15
426	15
427	15
428	15
429	15
430	15
431	15
432	15
433	15
434	15
435	15
436	15
437	15
438	15
439	15
440	15
441	15
442	15
443	15
444	15
445	15
446	15
447	15
448	15
449	15
450	15
451	15
452	15
453	15
454	15
455	15
456	15
457	15
458	16
459	16
460	16
461	16
462	16
463	16
464	16
465	16
466	16
467	16
468	16
469	16
470	16
471	16
472	16
473	16
474	16
475	16
476	16
477	16
478	16
479	16
480	16
481	16
482	16
483	16
484	16
485	16
486	16
487	16
488	16
489	16
490	16
491	16
492	16
493	16
494	16
495	16
496	16
497	17
498	17
499	17
500	17
501	17
502	17
503	17
504	17
505	17
506	17
507	17
508	17
509	17
510	17
511	17
512	17
513	17
514	17
515	17
516	17
517	17
518	17
519	17
520	17
521	17
522	17
523	17
524	17
525	17
526	17
527	17
528	17
529	17
530	17
531	18
532	18
533	18
534	18
535	18
536	18
537	18
538	18
539	18
540	18
541	18
542	18
543	18
544	18
545	18
546	18
547	18
548	18
549	18
550	18
551	18
552	18
553	18
554	18
555	18
556	18
557	18
558	18
559	18
560	18
561	18
562	18
563	18
564	18
565	18
566	18
567	18
568	18
569	18
570	19
571	19
572	19
573	19
574	19
575	19
576	19
577	19
578	19
579	19
580	19
581	19
582	19
583	19
584	19
585	19
586	19
587	19
588	19
589	19
590	19
591	19
592	19
593	19
594	19
595	19
596	19
597	19
598	19
599	19
600	19
601	19
602	19
603	19
604	19
605	19
606	19
607	19
608	19
609	20
610	20
611	20
612	20
613	20
614	20
615	20
616	20
617	20
618	20
619	20
620	20
621	20
622	20
623	20
624	20
625	20
626	20
627	20
628	20
629	20
630	20
631	20
632	20
633	20
634	20
635	20
636	20
637	20
638	20
639	20
640	20
641	20
642	20
643	20
644	21
645	21
646	21
647	21
648	21
649	21
650	21
651	21
652	21
653	21
654	21
655	21
656	21
657	21
658	21
659	21
660	21
661	21
662	21
663	21
664	21
665	21
666	21
667	21
668	21
669	21
670	21
671	21
672	21
673	21
674	21
675	21
676	21
677	21
678	21
679	21
680	21
681	21
682	21
683	21
684	21
685	21
686	21
687	21
688	22
689	22
690	22
691	22
692	22
693	22
694	22
695	22
696	22
697	22
698	22
699	22
700	22
701	22
702	22
703	22
704	22
705	22
706	22
707	22
708	22
709	22
710	22
711	22
712	22
713	22
714	22
715	22
716	22
717	22
718	22
719	22
720	22
721	22
722	22
723	22
724	22
725	23
726	23
727	23
728	23
729	23
730	23
731	23
732	23
733	23
734	23
735	23
736	23
737	23
738	23
739	23
740	23
741	23
742	23
743	23
744	23
745	23
746	23
747	23
748	23
749	23
750	23
751	23
752	23
753	23
754	23
755	23
756	23
757	23
758	23
759	23
760	23
761	23
762	23
763	23
764	23
765	24
766	24
767	24
768	24
769	24
770	24
771	24
772	24
773	24
774	24
775	24
776	24
777	24
778	24
779	24
780	24
781	24
782	24
783	24
784	24
785	24
786	24
787	24
788	24
789	24
790	24
791	24
792	24
793	24
794	24
795	24
796	24
797	24
798	24
799	24
800	25
801	25
802	25
803	25
804	25
805	25
806	25
807	25
808	25
809	25
810	25
811	25
812	25
813	25
814	25
815	25
816	25
817	25
818	25
819	25
820	25
821	25
822	25
823	25
824	25
825	25
826	25
827	25
828	25
829	25
830	25
831	25
832	25
833	25
834	25
835	26
836	26
837	26
838	26
839	26
840	26
841	26
842	26
843	26
844	26
845	26
846	26
847	26
848	26
849	26
850	26
851	26
852	26
853	26
854	26
855	26
856	26
857	26
858	26
859	26
860	26
861	26
862	26
863	26
864	26
865	26
866	26
867	26
868	26
869	26
870	26
871	26
872	26
873	26
874	26
875	27
876	27
877	27
878	27
879	27
880	27
881	27
882	27
883	27
884	27
885	27
886	27
887	27
888	27
889	27
890	27
891	27
892	27
893	27
894	27
895	27
896	27
897	27
898	27
899	27
900	27
901	27
902	27
903	27
904	27
905	27
906	27
907	27
908	27
909	27
910	28
911	28
912	28
913	28
914	28
915	28
916	28
917	28
918	28
919	28
920	28
921	28
922	28
923	28
924	28
925	28
926	28
927	28
928	28
929	28
930	28
931	28
932	28
933	28
934	28
935	28
936	28
937	28
938	28
939	28
940	28
941	28
942	28
943	28
944	28
945	28
946	29
947	29
948	29
949	29
950	29
951	29
952	29
953	29
954	29
955	29
956	29
957	29
958	29
959	29
960	29
961	29
962	29
963	29
964	29
965	29
966	29
967	29
968	29
969	29
970	29
971	29
972	29
973	29
974	29
975	29
976	29
977	29
978	29
979	29
980	29
981	29
982	30
983	30
984	30
985	30
986	30
987	30
988	30
989	30
990	30
991	30
992	30
993	30
994	30
995	30
996	30
997	30
998	30
999	30
1000	30
1001	30
1002	30
1003	30
1004	30
1005	30
1006	30
1007	30
1008	30
1009	30
1010	30
1011	30
1012	30
1013	30
1014	30
1015	30
1016	30
1017	30
1018	30
1019	30
1020	31
1021	31
1022	31
1023	31
1024	31
1025	31
1026	31
1027	31
1028	31
1029	31
1030	31
1031	31
1032	31
1033	31
1034	31
1035	31
1036	31
1037	31
1038	31
1039	31
1040	31
1041	31
1042	31
1043	31
1044	31
1045	31
1046	31
1047	31
1048	31
1049	31
1050	31
1051	31
1052	31
1053	31
1054	32
1055	32
1056	32
1057	32
1058	32
1059	32
1060	32
1061	32
1062	32
1063	32
1064	32
1065	32
1066	32
1067	32
1068	32
1069	32
1070	32
1071	32
1072	32
1073	32
1074	32
1075	32
1076	32
1077	32
1078	32
1079	32
1080	32
1081	32
1082	32
1083	32
1084	32
1085	32
1086	32
1087	32
1088	32
1089	33
1090	33
1091	33
1092	33
1093	33
1094	33
1095	33
1096	33
1097	33
1098	33
1099	33
1100	33
1101	33
1102	33
1103	33
1104	33
1105	33
1106	33
1107	33
1108	33
1109	33
1110	33
1111	33
1112	33
1113	33
1114	33
1115	33
1116	33
1117	33
1118	33
1119	33
1120	33
1121	33
1122	33
1123	33
1124	33
1125	34
1126	34
1127	34
1128	34
1129	34
1130	34
1131	34
1132	34
1133	34
1134	34
1135	34
1136	34
1137	34
1138	34
1139	34
1140	34
1141	34
1142	34
1143	34
1144	34
1145	34
1146	34
1147	34
1148	34
1149	34
1150	34
1151	34
1152	34
1153	34
1154	34
1155	34
1156	34
1157	34
1158	34
1159	34
1160	34
1161	34
1162	34
1163	35
1164	35
1165	35
1166	35
1167	35
1168	35
1169	35
1170	35
1171	35
1172	35
1173	35
1174	35
1175	35
1176	35
1177	35
1178	35
1179	35
1180	35
1181	35
1182	35
1183	35
1184	35
1185	35
1186	35
1187	35
1188	35
1189	35
1190	35
1191	35
1192	35
1193	35
1194	35
1195	35
1196	35
1197	35
1198	35
1199	35
1200	36
1201	36
1202	36
1203	36
1204	36
1205	36
1206	36
1207	36
1208	36
1209	36
1210	36
1211	36
1212	36
1213	36
1214	36
1215	36
1216	36
1217	36
1218	36
1219	36
1220	36
1221	36
1222	36
1223	36
1224	36
1225	36
1226	36
1227	36
1228	36
1229	36
1230	36
1231	36
1232	36
1233	36
1234	36
1235	36
1236	36
1237	36
1238	37
1239	37
1240	37
1241	37
1242	37
1243	37
1244	37
1245	37
1246	37
1247	37
1248	37
1249	37
1250	37
1251	37
1252	37
1253	37
1254	37
1255	37
1256	37
1257	37
1258	37
1259	37
1260	37
1261	37
1262	37
1263	37
1264	37
1265	37
1266	37
1267	37
1268	37
1269	37
1270	37
1271	37
1272	37
1273	37
1274	37
1275	37
1276	37
1277	37
1278	38
1279	38
1280	38
1281	38
1282	38
1283	38
1284	38
1285	38
1286	38
1287	38
1288	38
1289	38
1290	38
1291	38
1292	38
1293	38
1294	38
1295	38
1296	38
1297	38
1298	38
1299	38
1300	38
1301	38
1302	38
1303	38
1304	38
1305	38
1306	38
1307	38
1308	38
1309	38
1310	38
1311	38
1312	38
1313	38
1314	39
1315	39
1316	39
1317	39
1318	39
1319	39
1320	39
1321	39
1322	39
1323	39
1324	39
1325	39
1326	39
1327	39
1328	39
1329	39
1330	39
1331	39
1332	39
1333	39
1334	39
1335	39
1336	39
1337	39
1338	39
1339	39
1340	39
1341	39
1342	39
1343	39
1344	39
1345	39
1346	39
1347	39
1348	39
1349	39
1350	39
1351	39
1352	39
1353	39
1354	39
1355	40
1356	40
1357	40
1358	40
1359	40
1360	40
1361	40
1362	40
1363	40
1364	40
1365	40
1366	40
1367	40
1368	40
1369	40
1370	40
1371	40
1372	40
1373	40
1374	40
1375	40
1376	40
1377	40
1378	40
1379	40
1380	40
1381	40
1382	40
1383	40
1384	40
1385	40
1386	40
1387	40
1388	40
1389	40
1390	41
1391	41
1392	41
1393	41
1394	41
1395	41
1396	41
1397	41
1398	41
1399	41
1400	41
1401	41
1402	41
1403	41
1404	41
1405	41
1406	41
1407	41
1408	41
1409	41
1410	41
1411	41
1412	41
1413	41
1414	41
1415	41
1416	41
1417	41
1418	41
1419	41
1420	41
1421	41
1422	41
1423	41
1424	41
1425	41
1426	42
1427	42
1428	42
1429	42
1430	42
1431	42
1432	42
1433	42
1434	42
1435	42
1436	42
1437	42
1438	42
1439	42
1440	42
1441	42
1442	42
1443	42
1444	42
1445	42
1446	42
1447	42
1448	42
1449	42
1450	42
1451	42
1452	42
1453	42
1454	42
1455	42
1456	42
1457	42
1458	42
1459	43
1460	43
1461	43
1462	43
1463	43
1464	43
1465	43
1466	43
1467	43
1468	43
1469	43
1470	43
1471	43
1472	43
1473	43
1474	43
1475	43
1476	43
1477	43
1478	43
1479	43
1480	43
1481	43
1482	43
1483	43
1484	43
1485	43
1486	43
1487	43
1488	43
1489	43
1490	43
1491	43
1492	43
1493	43
1494	43
1495	43
1496	44
1497	44
1498	44
1499	44
1500	44
1501	44
1502	44
1503	44
1504	44
1505	44
1506	44
1507	44
1508	44
1509	44
1510	44
1511	44
1512	44
1513	44
1514	44
1515	44
1516	44
1517	44
1518	44
1519	44
1520	44
1521	44
1522	44
1523	44
1524	44
1525	44
1526	44
1527	44
1528	44
1529	44
1530	44
1531	45
1532	45
1533	45
1534	45
1535	45
1536	45
1537	45
1538	45
1539	45
1540	45
1541	45
1542	45
1543	45
1544	45
1545	45
1546	45
1547	45
1548	45
1549	45
1550	45
1551	45
1552	45
1553	45
1554	45
1555	45
1556	45
1557	45
1558	45
1559	45
1560	45
1561	45
1562	45
1563	45
1564	45
1565	45
1566	45
1567	45
1568	45
1569	45
1570	46
1571	46
1572	46
1573	46
1574	46
1575	46
1576	46
1577	46
1578	46
1579	46
1580	46
1581	46
1582	46
1583	46
1584	46
1585	46
1586	46
1587	46
1588	46
1589	46
1590	46
1591	46
1592	46
1593	46
1594	46
1595	46
1596	46
1597	46
1598	46
1599	46
1600	46
1601	46
1602	46
1603	46
1604	46
1605	46
1606	47
1607	47
1608	47
1609	47
1610	47
1611	47
1612	47
1613	47
1614	47
1615	47
1616	47
1617	47
1618	47
1619	47
1620	47
1621	47
1622	47
1623	47
1624	47
1625	47
1626	47
1627	47
1628	47
1629	47
1630	47
1631	47
1632	47
1633	47
1634	47
1635	47
1636	47
1637	47
1638	47
1639	47
1640	47
1641	47
1642	47
1643	48
1644	48
1645	48
1646	48
1647	48
1648	48
1649	48
1650	48
1651	48
1652	48
1653	48
1654	48
1655	48
1656	48
1657	48
1658	48
1659	48
1660	48
1661	48
1662	48
1663	48
1664	48
1665	48
1666	48
1667	48
1668	48
1669	48
1670	48
1671	48
1672	48
1673	48
1674	48
1675	48
1676	48
1677	48
1678	48
1679	48
1680	48
1681	48
1682	48
1683	49
1684	49
1685	49
1686	49
1687	49
1688	49
1689	49
1690	49
1691	49
1692	49
1693	49
1694	49
1695	49
1696	49
1697	49
1698	49
1699	49
1700	49
1701	49
1702	49
1703	49
1704	49
1705	49
1706	49
1707	49
1708	49
1709	49
1710	49
1711	49
1712	49
1713	49
1714	49
1715	49
1716	49
1717	49
1718	49
1719	49
1720	50
1721	50
1722	50
1723	50
1724	50
1725	50
1726	50
1727	50
1728	50
1729	50
1730	50
1731	50
1732	50
1733	50
1734	50
1735	50
1736	50
1737	50
1738	50
1739	50
1740	50
1741	50
1742	50
1743	50
1744	50
1745	50
1746	50
1747	50
1748	50
1749	50
1750	50
1751	50
1752	50
1753	50
1754	50
1755	50
1756	50
1757	50
1758	50
1759	50
1760	51
1761	51
1762	51
1763	51
1764	51
1765	51
1766	51
1767	51
1768	51
1769	51
1770	51
1771	51
1772	51
1773	51
1774	51
1775	51
1776	51
1777	51
1778	51
1779	51
1780	51
1781	51
1782	51
1783	51
1784	51
1785	51
1786	51
1787	51
1788	51
1789	51
1790	51
1791	51
1792	51
1793	51
1794	51
1795	51
1796	51
1797	51
1798	51
1799	51
1800	52
1801	52
1802	52
1803	52
1804	52
1805	52
1806	52
1807	52
1808	52
1809	52
1810	52
1811	52
1812	52
1813	52
1814	52
1815	52
1816	52
1817	52
1818	52
1819	52
1820	52
1821	52
1822	52
1823	52
1824	52
1825	52
1826	52
1827	52
1828	52
1829	52
1830	52
1831	52
1832	52
1833	52
1834	52
1835	52
1836	52
1837	53
1838	53
1839	53
1840	53
1841	53
1842	53
1843	53
1844	53
1845	53
1846	53
1847	53
1848	53
1849	53
1850	53
1851	53
1852	53
1853	53
1854	53
1855	53
1856	53
1857	53
1858	53
1859	53
1860	53
1861	53
1862	53
1863	53
1864	53
1865	53
1866	53
1867	53
1868	53
1869	53
1870	53
1871	53
1872	53
1873	53
1874	53
1875	53
1876	53
1877	53
1878	53
1879	53
1880	53
1881	53
1882	54
1883	54
1884	54
1885	54
1886	54
1887	54
1888	54
1889	54
1890	54
1891	54
1892	54
1893	54
1894	54
1895	54
1896	54
1897	54
1898	54
1899	54
1900	54
1901	54
1902	54
1903	54
1904	54
1905	54
1906	54
1907	54
1908	54
1909	54
1910	54
1911	54
1912	54
1913	54
1914	54
1915	54
1916	54
1917	54
1918	54
1919	54
1920	54
1921	54
1922	54
1923	55
1924	55
1925	55
1926	55
1927	55
1928	55
1929	55
1930	55
1931	55
1932	55
1933	55
1934	55
1935	55
1936	55
1937	55
1938	55
1939	55
1940	55
1941	55
1942	55
1943	55
1944	55
1945	55
1946	55
1947	55
1948	55
1949	55
1950	55
1951	55
1952	55
1953	55
1954	55
1955	55
1956	55
1957	55
1958	55
1959	55
1960	55
1961	55
1962	55
1963	55
1964	55
1965	55
1966	55
1967	55
1968	56
1969	56
1970	56
1971	56
1972	56
1973	56
1974	56
1975	56
1976	56
1977	56
1978	56
1979	56
1980	56
1981	56
1982	56
1983	56
1984	56
1985	56
1986	56
1987	56
1988	56
1989	56
1990	56
1991	56
1992	56
1993	56
1994	56
1995	56
1996	56
1997	56
1998	56
1999	56
2000	56
