1	49.6496
2	14.2871
3	6.98869
4	8.52742
5	6.89466
6	4.09113
7	2.29919
8	3.35419
9	2.25449
10	2.70066
11	2.46528
12	2.05052
13	1.73988
14	1.63726
15	1.80995
16	1.73171
17	1.44731
18	1.23635
19	1.18122
20	1.09788
21	1.00812
22	0.92617
23	0.946301
24	0.816996
25	0.82987
26	0.798401
27	0.857735
28	0.791178
29	0.697385
30	0.646359
31	0.59817
32	0.751649
33	0.534895
34	0.602972
35	0.461513
36	0.645451
37	0.503709
38	0.594935
39	0.483143
40	0.633807
41	0.520819
42	0.533586
43	0.713627
44	0.564478
45	0.595568
46	0.689295
47	0.642639
48	0.578323
49	0.584396
50	0.648284
51	0.645959
52	0.625605
53	0.659952
54	1.43604
55	0.907569
56	1.45336
57	0.853765
58	1.53098
59	0.764183
60	1.64937
61	0.741871
62	1.63041
63	1.94419
64	1.96663
65	1.95207
66	1.91987
67	1.91228
68	1.96531
69	1.99505
70	2.03982
71	2.06621
72	1.02774
73	1.94947
74	1.14813
75	2.04159
76	1.16141
77	1.92731
78	1.21301
79	1.90993
80	1.04898
81	0.948869
82	0.973177
83	1.11786
84	1.02492
85	0.986783
86	1.03071
87	1.12597
88	1.11674
89	1.09278
90	0.945217
91	1.01624
92	1.08639
93	0.931749
94	0.950861
95	1.10393
96	1.0026
97	1.00811
98	0.920688
99	1.13798
100	1.11025
101	0.924897
102	0.823831
103	0.612623
104	0.723604
105	0.58169
106	0.506792
107	0.54289
108	0.563778
109	0.529925
110	0.456331
111	0.533908
112	0.491911
113	0.380932
114	0.32101
115	0.334996
116	0.338628
117	0.353665
118	0.483255
119	0.441149
120	0.374824
121	0.379714
122	0.423255
123	0.397852
124	0.41932
125	0.556897
126	0.535793
127	0.225782
128	0.396347
129	0.439445
130	0.370385
131	0.3889
132	0.41391
133	0.350835
134	0.387173
135	0.329621
136	0.347354
137	0.196838
138	0.306591
139	0.337622
140	0.404797
141	0.351414
142	0.365831
143	0.369395
144	0.387664
145	0.274374
146	0.233733
147	0.307136
148	0.362084
149	0.319683
150	0.341672
151	0.294325
152	0.353206
153	0.321744
154	0.307303
155	0.322721
156	0.263589
157	0.257005
158	0.264505
159	0.260476
160	0.267827
161	0.29913
162	0.304885
163	0.304795
164	0.302976
165	0.303733
166	0.296952
167	0.276585
168	0.239523
169	0.289428
170	0.222447
171	0.318573
172	0.221118
173	0.184147
174	0.163209
175	0.180403
176	0.136988
177	0.12372
178	0.120883
179	0.121965
180	0.106979
181	0.109349
182	0.0876523
183	0.0892915
184	0.081676
185	0.0699597
186	0.0764844
187	0.058852
188	0.0558426
189	0.052115
190	0.0466568
191	0.0410656
192	0.0570903
193	0.0427987
194	0.0418752
195	0.040343
196	0.0379571
197	0.0357171
198	0.0347402
199	0.0358048
200	0.0389621
201	0.0425699
202	0.0446322
203	0.0446452
204	0.0427473
205	0.0399638
206	0.037416
207	0.0364164
208	0.0375908
209	0.0410499
210	0.0452894
211	0.0486909
212	0.0502773
213	0.0502459
214	0.0492605
215	0.0481036
216	0.0475879
217	0.0482156
218	0.0495071
219	0.0509961
220	0.0521069
221	0.0526323
222	0.0526711
223	0.0524208
224	0.0519337
225	0.051756
226	0.0518702
227	0.0524518
228	0.0533546
229	0.0535373
230	0.0540121
231	0.0730967
232	0.0626665
233	0.076085
234	0.0765397
235	0.0695375
236	0.0785816
237	0.0638762
238	0.0714871
239	0.0696812
240	0.0659657
241	0.0744692
242	0.0719949
243	0.0702255
244	0.0639165
245	0.0596975
246	0.0557981
247	0.0523644
248	0.0495665
249	0.0465012
250	0.0429965
251	0.0392215
252	0.0365544
253	0.0356926
254	0.0325153
255	0.0414045
256	0.0360853
257	0.0364288
258	0.0259692
259	0.0253778
260	0.0263028
261	0.0277062
262	0.0289516
263	0.0231036
264	0.0276692
265	0.025432
266	0.0200676
267	0.0212641
268	0.020264
269	0.0183667
270	0.0168362
271	0.022035
272	0.017977
273	0.015568
274	0.021081
275	0.0168213
276	0.0143895
277	0.0205183
278	0.0159025
279	0.0137791
280	0.0131008
281	0.0129708
282	0.0129477
283	0.0128761
284	0.0127288
285	0.0180424
286	0.0122287
287	0.0171404
288	0.016796
289	0.0158677
290	0.014156
291	0.0173263
292	0.0174057
293	0.0171806
294	0.0142321
295	0.0164246
296	0.0155255
297	0.0132648
298	0.0153987
299	0.0126953
300	0.0150039
301	0.012883
302	0.0128122
303	0.0118376
304	0.0103061
305	0.0134783
306	0.012984
307	0.0102929
308	0.00887502
309	0.00807215
310	0.00769794
311	0.00741854
312	0.00710507
313	0.00676451
314	0.0104051
315	0.00999606
316	0.00927237
317	0.0083146
318	0.00715263
319	0.00953201
320	0.00880292
321	0.00825395
322	0.00882407
323	0.00752605
324	0.00749878
325	0.00771301
326	0.0080622
327	0.00664212
328	0.00655315
329	0.00608251
330	0.00737533
331	0.00685267
332	0.00569824
333	0.00696735
334	0.00535992
335	0.00615286
336	0.00472638
337	0.00562292
338	0.00421989
339	0.0052424
340	0.00382344
341	0.00498003
342	0.00540961
343	0.00523009
344	0.00508757
345	0.0048495
346	0.00460949
347	0.00428449
348	0.00402099
349	0.00374366
350	0.00352245
351	0.0032417
352	0.00503264
353	0.00384564
354	0.0045726
355	0.00467718
356	0.00444116
357	0.00457656
358	0.00346117
359	0.00415214
360	0.00305302
361	0.00411685
362	0.00298758
363	0.00260688
364	0.0037239
365	0.00256556
366	0.0030519
367	0.00322849
368	0.00337848
369	0.00320042
370	0.00249901
371	0.00217354
372	0.00290746
373	0.00241575
374	0.00211361
375	0.0018819
376	0.00295282
377	0.00258859
378	0.00293543
379	0.0026675
380	0.0021904
381	0.00233101
382	0.00216185
383	0.00183843
384	0.00236166
385	0.00245553
386	0.00244544
387	0.00263364
388	0.00243436
389	0.00206013
390	0.00236238
391	0.00240924
392	0.00227625
393	0.00214498
394	0.00202729
395	0.00195813
396	0.0019187
397	0.00190333
398	0.00143606
399	0.00115392
400	0.00147332
401	0.00145385
402	0.00147906
403	0.00136752
404	0.00134506
405	0.00111857
406	0.001333
407	0.00193626
408	0.00205028
409	0.00142651
410	0.00122576
411	0.00139391
412	0.00130983
413	0.00113707
414	0.0012441
415	0.00186396
416	0.00128739
417	0.00116472
418	0.00102846
419	0.00183884
420	0.00100148
421	0.0010536
422	0.000783932
423	0.00171634
424	0.000861402
425	0.000731162
426	0.00166657
427	0.000775926
428	0.000775173
429	0.000719713
430	0.000754241
431	0.00072113
432	0.00158936
433	0.000731591
434	0.00149219
435	0.000767101
436	0.00152482
437	0.000769124
438	0.00146695
439	0.000755029
440	0.00139598
441	0.00141314
442	0.000744336
443	0.00132658
444	0.00127267
445	0.00129627
446	0.0013113
447	0.00127708
448	0.00124131
449	0.00124229
450	0.00122323
451	0.00121326
452	0.0011883
453	0.00119842
454	0.00115844
455	0.00116527
456	0.00114161
457	0.000704275
458	0.00105732
459	0.000914648
460	0.000998409
461	0.00108065
462	0.00108999
463	0.0010647
464	0.00107473
465	0.00104741
466	0.00102142
467	0.000984422
468	0.000961146
469	0.000939903
470	0.000902916
471	0.000881341
472	0.000855511
473	0.000842422
474	0.000788867
475	0.000772118
476	0.000765433
477	0.000773407
478	0.000757638
479	0.000754031
480	0.000742473
481	0.000739693
482	0.000713611
483	0.000696574
484	0.000675158
485	0.000607185
486	0.000590383
487	0.000589419
488	0.000603168
489	0.000610784
490	0.000604258
491	0.000604322
492	0.000603689
493	0.000601466
494	0.000591472
495	0.000584551
496	0.00059643
497	0.000589164
498	0.000580916
499	0.000567195
500	0.000571261
501	0.000569147
502	0.000551299
503	0.000548391
504	0.000546709
505	0.000549562
506	0.000527902
507	0.000519196
508	0.000520225
509	0.000526798
510	0.000513252
511	0.000510763
512	0.000510407
513	0.00050732
514	0.000489341
515	0.000478951
516	0.000490514
517	0.000467848
518	0.000472006
519	0.000455612
520	0.000463052
521	0.00045282
522	0.000445262
523	0.000439256
524	0.000437956
525	0.000443418
526	0.000425655
527	0.000432813
528	0.000432625
529	0.000441541
530	0.000428351
531	0.00042958
532	0.000430351
533	0.000424209
534	0.000408408
535	0.000398626
536	0.000409152
537	0.000396323
538	0.000396812
539	0.000384255
540	0.000396159
541	0.000383721
542	0.00037992
543	0.000379093
544	0.000386746
545	0.000387569
546	0.000374213
547	0.000382771
548	0.000388882
549	0.000390008
550	0.000375985
551	0.000379663
552	0.000376612
553	0.000373777
554	0.000356605
555	0.000354484
556	0.000366226
557	0.000357278
558	0.000353761
559	0.00034846
560	0.000357775
561	0.000351699
562	0.000343204
563	0.000344904
564	0.000352187
565	0.000356201
566	0.000340879
567	0.000346356
568	0.000349784
569	0.000353916
570	0.000340277
571	0.000342553
572	0.000342067
573	0.00033976
574	0.000321914
575	0.000321338
576	0.000332939
577	0.000325975
578	0.00032353
579	0.000318736
580	0.000327909
581	0.000322253
582	0.000310399
583	0.000313546
584	0.000318947
585	0.000322615
586	0.000306882
587	0.000311232
588	0.000314672
589	0.000320052
590	0.00030466
591	0.000311169
592	0.000308741
593	0.000309855
594	0.000291458
595	0.000294808
596	0.000306981
597	0.000300697
598	0.00029487
599	0.00029123
600	0.00029803
601	0.000292646
602	0.000279732
603	0.000282855
604	0.00028745
605	0.000291224
606	0.000272344
607	0.000277676
608	0.000278525
609	0.000283338
610	0.000268866
611	0.000272556
612	0.00027165
613	0.00027104
614	0.000253216
615	0.0002548
616	0.000268128
617	0.000261663
618	0.000262999
619	0.000257549
620	0.000271112
621	0.000264227
622	0.000256912
623	0.000258353
624	0.000266522
625	0.00026816
626	0.000254676
627	0.000255382
628	0.000259443
629	0.000262634
630	0.00025208
631	0.000256484
632	0.000258747
633	0.00025891
634	0.000245663
635	0.000247839
636	0.000264424
637	0.000258006
638	0.00026078
639	0.000255851
640	0.000269534
641	0.000261142
642	0.000254682
643	0.000255047
644	0.000263999
645	0.000266009
646	0.000251861
647	0.000256699
648	0.000261674
649	0.000266717
650	0.00025637
651	0.000261756
652	0.000264145
653	0.000264499
654	0.000249608
655	0.000252881
656	0.000266691
657	0.000260644
658	0.00026107
659	0.000255984
660	0.00026777
661	0.000261269
662	0.000251136
663	0.000254356
664	0.000260493
665	0.000264413
666	0.000248562
667	0.000252602
668	0.000255544
669	0.000260973
670	0.000246918
671	0.000253173
672	0.000252561
673	0.00025386
674	0.000237311
675	0.000239244
676	0.000252424
677	0.000246399
678	0.000244515
679	0.000240875
680	0.000251209
681	0.000245187
682	0.000236199
683	0.000237954
684	0.000244878
685	0.000248194
686	0.000231732
687	0.000235888
688	0.000238314
689	0.000243391
690	0.000230745
691	0.0002352
692	0.000235476
693	0.000235781
694	0.000219122
695	0.000221154
696	0.000235816
697	0.000230063
698	0.000231436
699	0.000227311
700	0.000241018
701	0.000235201
702	0.000227595
703	0.000229431
704	0.000238098
705	0.000239871
706	0.000225447
707	0.000227038
708	0.000230837
709	0.000235508
710	0.000222639
711	0.000228001
712	0.000228598
713	0.000229328
714	0.000215272
715	0.000894928
716	0.000220771
717	0.000242579
718	0.00022348
719	0.000236001
720	0.000240803
721	0.000234989
722	0.000231501
723	0.000228768
724	0.000242989
725	0.000238987
726	0.000231288
727	0.000229177
728	0.000235764
729	0.00024065
730	0.000230297
731	0.000236426
732	0.000236932
733	0.000239285
734	0.000224945
735	0.000225914
736	0.00024382
737	0.000235669
738	0.000240662
739	0.000232082
740	0.000247791
741	0.000237837
742	0.000233325
743	0.000233657
744	0.000242485
745	0.000246513
746	0.000230851
747	0.000237624
748	0.000240265
749	0.000248693
750	0.000236698
751	0.000242962
752	0.000244793
753	0.000244768
754	0.000231493
755	0.00023041
756	0.000246664
757	0.000237623
758	0.000243496
759	0.000236019
760	0.000251357
761	0.000243754
762	0.000237383
763	0.000238606
764	0.000245759
765	0.000248906
766	0.000234547
767	0.000239139
768	0.00024265
769	0.000249369
770	0.000236969
771	0.000242523
772	0.000242461
773	0.000242371
774	0.00022845
775	0.00022743
776	0.000243062
777	0.000235477
778	0.000239697
779	0.000233078
780	0.000248049
781	0.000240422
782	0.000235647
783	0.000234883
784	0.000243696
785	0.000244645
786	0.000231272
787	0.000234563
788	0.000237303
789	0.000242138
790	0.000231715
791	0.000236695
792	0.000237156
793	0.000237758
794	0.000223599
795	0.000224099
796	0.000239147
797	0.000231386
798	0.000235986
799	0.00022768
800	0.000243064
801	0.00023365
802	0.000228441
803	0.000227227
804	0.000236557
805	0.000237297
806	0.000224801
807	0.000226564
808	0.000231434
809	0.000236255
810	0.000224744
811	0.000229953
812	0.000230793
813	0.000231618
814	0.000217845
815	0.000217833
816	0.000232694
817	0.000225587
818	0.000227976
819	0.000221505
820	0.000235423
821	0.000227437
822	0.000222601
823	0.000222255
824	0.000231864
825	0.00023375
826	0.000221413
827	0.000223487
828	0.000227436
829	0.000231302
830	0.000220988
831	0.000224288
832	0.000225533
833	0.000225065
834	0.000888004
835	0.000847932
836	0.000215856
837	0.000224604
838	0.000233173
839	0.000224544
840	0.000236679
841	0.000228655
842	0.000225218
843	0.000222848
844	0.000233516
845	0.000234782
846	0.000223165
847	0.000222443
848	0.000229721
849	0.00023148
850	0.000223822
851	0.000226916
852	0.000228475
853	0.00022844
854	0.000214877
855	0.000894336
856	0.00021981
857	0.000240489
858	0.000222761
859	0.000233125
860	0.000237812
861	0.000231484
862	0.000228949
863	0.000225022
864	0.000239513
865	0.000233943
866	0.000229346
867	0.000226063
868	0.000233382
869	0.000238073
870	0.000228552
871	0.000234949
872	0.000235613
873	0.000238234
874	0.000223772
875	0.000225029
876	0.000241456
877	0.000233772
878	0.000240844
879	0.00023106
880	0.000248307
881	0.000238288
882	0.000234895
883	0.000235129
884	0.000243652
885	0.000247538
886	0.000233948
887	0.000238224
888	0.000241027
889	0.000247739
890	0.000236084
891	0.000242272
892	0.000243288
893	0.000242811
894	0.000231617
895	0.000229593
896	0.000246389
897	0.000237284
898	0.000243578
899	0.00023582
900	0.000251679
901	0.000244075
902	0.000239902
903	0.000239173
904	0.000247711
905	0.000250146
906	0.000236361
907	0.000239425
908	0.000243108
909	0.000247964
910	0.000238499
911	0.000240686
912	0.000243375
913	0.000242192
914	0.00022913
915	0.000228238
916	0.000244772
917	0.000236607
918	0.000243597
919	0.000234587
920	0.00025153
921	0.000241929
922	0.000237341
923	0.000235555
924	0.000244119
925	0.000244033
926	0.000231456
927	0.000233951
928	0.000238446
929	0.000243491
930	0.000233416
931	0.000238165
932	0.000238837
933	0.000238617
934	0.000226179
935	0.000225306
936	0.000240766
937	0.00023308
938	0.000236114
939	0.000228643
940	0.000242537
941	0.000233766
942	0.000228996
943	0.000227529
944	0.000236663
945	0.000238058
946	0.000225057
947	0.000228302
948	0.000232609
949	0.000237363
950	0.000227069
951	0.00023156
952	0.000232632
953	0.000233713
954	0.000218744
955	0.000218993
956	0.000233212
957	0.000226132
958	0.000229511
959	0.000222494
960	0.00023765
961	0.000230334
962	0.000225026
963	0.000225304
964	0.000234331
965	0.000236136
966	0.000224872
967	0.000225206
968	0.000229624
969	0.000232618
970	0.00022213
971	0.000225297
972	0.000226651
973	0.000226048
974	0.000888386
975	0.000847937
976	0.000218318
977	0.00022665
978	0.000235013
979	0.000226366
980	0.000239044
981	0.000230263
982	0.000228051
983	0.000224445
984	0.000235947
985	0.000236848
986	0.000225053
987	0.000223565
988	0.00023046
989	0.000231246
990	0.000224003
991	0.000226574
992	0.000228301
993	0.000228392
994	0.000215443
995	0.000895539
996	0.000220621
997	0.000241512
998	0.0002239
999	0.000233724
1000	0.00023852
1001	0.000231303
1002	0.000228985
1003	0.000224683
1004	0.000239167
1005	0.000233997
1006	0.000229931
1007	0.000226842
1008	0.000234758
1009	0.000238684
1010	0.000229615
1011	0.000235384
1012	0.000235958
1013	0.000238067
1014	0.000223567
1015	0.000224334
1016	0.000241214
1017	0.000232747
1018	0.000240326
1019	0.000230246
1020	0.000247517
1021	0.000237019
1022	0.000233769
1023	0.00023366
1024	0.000242571
1025	0.000246264
1026	0.000232372
1027	0.000237033
1028	0.000240079
1029	0.000247545
1030	0.000235772
1031	0.000242041
1032	0.000243419
1033	0.000243293
1034	0.000232127
1035	0.000229925
1036	0.000247027
1037	0.000237962
1038	0.000244815
1039	0.00023675
1040	0.000252656
1041	0.000244797
1042	0.000240558
1043	0.000239942
1044	0.000248575
1045	0.000250805
1046	0.000236451
1047	0.000240023
1048	0.000242953
1049	0.00024782
1050	0.00023784
1051	0.000240931
1052	0.000242327
1053	0.000241896
1054	0.000228925
1055	0.000227707
1056	0.000244035
1057	0.000235927
1058	0.000243444
1059	0.000235366
1060	0.000251686
1061	0.000243288
1062	0.000238083
1063	0.000236978
1064	0.000245089
1065	0.000245762
1066	0.000233271
1067	0.000234695
1068	0.000239131
1069	0.000243854
1070	0.0002334
1071	0.000238349
1072	0.000239121
1073	0.000239117
1074	0.000226925
1075	0.0002261
1076	0.000241864
1077	0.000234024
1078	0.000237911
1079	0.000229654
1080	0.000244015
1081	0.000234056
1082	0.000229403
1083	0.000227597
1084	0.000236735
1085	0.000237872
1086	0.000225825
1087	0.000228633
1088	0.00023255
1089	0.000236539
1090	0.000227636
1091	0.000231102
1092	0.000233262
1093	0.000233169
1094	0.00021868
1095	0.000219974
1096	0.000233447
1097	0.000226095
1098	0.000229467
1099	0.000222153
1100	0.000236922
1101	0.000229795
1102	0.000224987
1103	0.000225198
1104	0.000234623
1105	0.000235791
1106	0.000224224
1107	0.000225043
1108	0.000229816
1109	0.00023345
1110	0.000222626
1111	0.000225778
1112	0.000226548
1113	0.000225782
1114	0.000888574
1115	0.000848155
1116	0.000218848
1117	0.000227234
1118	0.000235449
1119	0.000227142
1120	0.000239842
1121	0.000231179
1122	0.000228853
1123	0.000226146
1124	0.000237545
1125	0.00023904
1126	0.000227748
1127	0.00022593
1128	0.000232497
1129	0.000233178
1130	0.000225514
1131	0.000227957
1132	0.00022955
1133	0.000229278
1134	0.000216518
1135	0.00089589
1136	0.000222146
1137	0.000242709
1138	0.000225217
1139	0.000235248
1140	0.000239917
1141	0.000231539
1142	0.000229678
1143	0.000224293
1144	0.000239172
1145	0.000233353
1146	0.00022951
1147	0.000226246
1148	0.000233997
1149	0.000237245
1150	0.000228732
1151	0.000234953
1152	0.000235098
1153	0.000238535
1154	0.000223372
1155	0.000225405
1156	0.00024096
1157	0.000233341
1158	0.000239448
1159	0.000229735
1160	0.000246346
1161	0.000236876
1162	0.000233176
1163	0.000233158
1164	0.000242322
1165	0.00024617
1166	0.000232935
1167	0.000237342
1168	0.000240865
1169	0.000247866
1170	0.000236496
1171	0.000241629
1172	0.000244179
1173	0.000243065
1174	0.000231851
1175	0.000229158
1176	0.00024679
1177	0.000237777
1178	0.00024449
1179	0.000237261
1180	0.000253349
1181	0.000245818
1182	0.000241787
1183	0.000241862
1184	0.000250479
1185	0.000252861
1186	0.00023865
1187	0.000241548
1188	0.000244307
1189	0.000249323
1190	0.000238848
1191	0.000241838
1192	0.000243337
1193	0.000242512
1194	0.000230177
1195	0.000229306
1196	0.000246149
1197	0.000237884
1198	0.000245061
1199	0.000236138
1200	0.00025261
1201	0.000242804
1202	0.000238265
1203	0.000236658
1204	0.000245443
1205	0.000245793
1206	0.000233554
1207	0.000234447
1208	0.000238641
1209	0.000242511
1210	0.000232526
1211	0.000236885
1212	0.000238592
1213	0.000238373
1214	0.00022539
1215	0.000224699
1216	0.000240296
1217	0.000232168
1218	0.000235979
1219	0.000228495
1220	0.000242924
1221	0.000233782
1222	0.00022903
1223	0.000227617
1224	0.000237096
1225	0.000238419
1226	0.00022527
1227	0.000228397
1228	0.000232245
1229	0.0002371
1230	0.000226982
1231	0.000230858
1232	0.000232541
1233	0.000232636
1234	0.000218234
1235	0.00021896
1236	0.000232937
1237	0.000225934
1238	0.000228889
1239	0.000222172
1240	0.000236421
1241	0.000229734
1242	0.00022486
1243	0.000225496
1244	0.000234836
1245	0.00023626
1246	0.000225303
1247	0.00022604
1248	0.000230038
1249	0.000233471
1250	0.000223145
1251	0.000227019
1252	0.00022682
1253	0.000226169
1254	0.000214739
1255	0.000892835
1256	0.000220737
1257	0.000241364
1258	0.000224635
1259	0.000235325
1260	0.000240463
1261	0.000233047
1262	0.000231227
1263	0.000226651
1264	0.000241724
1265	0.00023624
1266	0.000231437
1267	0.000227296
1268	0.000234101
1269	0.00023605
1270	0.000227616
1271	0.000231951
1272	0.000232595
1273	0.000234657
1274	0.000220153
1275	0.000220501
1276	0.000237994
1277	0.000229355
1278	0.000237642
1279	0.000227407
1280	0.00024543
1281	0.000233875
1282	0.000231136
1283	0.000230375
1284	0.000239744
1285	0.000242755
1286	0.000229221
1287	0.00023325
1288	0.000237222
1289	0.000244041
1290	0.000233496
1291	0.000238988
1292	0.00024163
1293	0.000241027
1294	0.000230191
1295	0.000227723
1296	0.000245336
1297	0.00023594
1298	0.000242727
1299	0.000234925
1300	0.000250371
1301	0.000241958
1302	0.000237677
1303	0.000237189
1304	0.000245832
1305	0.000248434
1306	0.000234342
1307	0.000238661
1308	0.000241448
1309	0.000247531
1310	0.000236756
1311	0.000240973
1312	0.000241831
1313	0.000241523
1314	0.000228067
1315	0.000227098
1316	0.000243119
1317	0.000235164
1318	0.000242089
1319	0.000233538
1320	0.000249767
1321	0.000241325
1322	0.000236007
1323	0.000235095
1324	0.000243291
1325	0.000244272
1326	0.000231595
1327	0.000233077
1328	0.000236955
1329	0.00024168
1330	0.000230807
1331	0.000235618
1332	0.000236503
1333	0.000236751
1334	0.00022369
1335	0.000222877
1336	0.000238507
1337	0.000230514
1338	0.000235218
1339	0.000227372
1340	0.000242597
1341	0.000233337
1342	0.000229229
1343	0.000227136
1344	0.000236883
1345	0.000238043
1346	0.000225567
1347	0.000228041
1348	0.00023194
1349	0.000236344
1350	0.000226859
1351	0.000230215
1352	0.00023188
1353	0.000232013
1354	0.000217682
1355	0.000218351
1356	0.000232501
1357	0.000224759
1358	0.000228616
1359	0.000220965
1360	0.000235943
1361	0.00022853
1362	0.00022386
1363	0.000223707
1364	0.000233359
1365	0.00023455
1366	0.00022307
1367	0.000223745
1368	0.000228448
1369	0.000232238
1370	0.000221726
1371	0.000225593
1372	0.000226432
1373	0.000226279
1374	0.000214258
1375	0.000892719
1376	0.000219971
1377	0.00024074
1378	0.000224034
1379	0.000234919
1380	0.00024003
1381	0.000232535
1382	0.000230506
1383	0.000225713
1384	0.000241157
1385	0.000235677
1386	0.000230773
1387	0.000226682
1388	0.000233455
1389	0.000235777
1390	0.000226844
1391	0.000231527
1392	0.000231541
1393	0.000233759
1394	0.000219941
1395	0.000220496
1396	0.000236589
1397	0.000228776
1398	0.000236404
1399	0.000226243
1400	0.000243312
1401	0.000232924
1402	0.000229674
1403	0.000228737
1404	0.000237795
1405	0.000240755
1406	0.000227872
1407	0.000232038
1408	0.000236939
1409	0.000243833
1410	0.000232931
1411	0.000238788
1412	0.000240732
1413	0.000240906
1414	0.00022968
1415	0.000227108
1416	0.00024471
1417	0.000235401
1418	0.000242171
1419	0.000234309
1420	0.000250235
1421	0.000242314
1422	0.000237801
1423	0.000237439
1424	0.000245679
1425	0.000248531
1426	0.000234163
1427	0.000238248
1428	0.000241234
1429	0.000246798
1430	0.000236456
1431	0.000239773
1432	0.000241445
1433	0.000240537
1434	0.000226872
1435	0.000225726
1436	0.000242157
1437	0.000233791
1438	0.000240419
1439	0.000232036
1440	0.000248285
1441	0.000239918
1442	0.00023486
1443	0.000234235
1444	0.000242517
1445	0.000243326
1446	0.000230405
1447	0.000232285
1448	0.00023674
1449	0.00024135
1450	0.000230835
1451	0.000235154
1452	0.000236466
1453	0.000235874
1454	0.000223663
1455	0.000222549
1456	0.00023881
1457	0.000230587
1458	0.000234851
1459	0.000227105
1460	0.00024188
1461	0.000232457
1462	0.000228427
1463	0.000227006
1464	0.000236887
1465	0.00023843
1466	0.000225902
1467	0.000228577
1468	0.000232245
1469	0.000237229
1470	0.000227364
1471	0.000231115
1472	0.000232725
1473	0.000232608
1474	0.000218853
1475	0.00021895
1476	0.000233474
1477	0.000225817
1478	0.000230087
1479	0.000222296
1480	0.000237684
1481	0.000229593
1482	0.000225224
1483	0.000225014
1484	0.000234406
1485	0.000235459
1486	0.000224037
1487	0.000225039
1488	0.000228934
1489	0.000232726
1490	0.000222214
1491	0.000226037
1492	0.000226089
1493	0.000225715
1494	0.000887481
1495	0.000847502
1496	0.000217692
1497	0.000226006
1498	0.000234016
1499	0.00022577
1500	0.00023812
1501	0.000229577
1502	0.00022737
1503	0.0002242
1504	0.000235447
1505	0.000236743
1506	0.000225448
1507	0.00022426
1508	0.000231226
1509	0.000232466
1510	0.000224872
1511	0.000227611
1512	0.000229368
1513	0.000229424
1514	0.000216292
1515	0.000217535
1516	0.000232246
1517	0.000225407
1518	0.000229945
1519	0.000222373
1520	0.000238201
1521	0.000229088
1522	0.000224784
1523	0.000223109
1524	0.000233153
1525	0.000234024
1526	0.000222891
1527	0.000224333
1528	0.000230022
1529	0.000234419
1530	0.000224664
1531	0.000228887
1532	0.000230704
1533	0.000230363
1534	0.0002183
1535	0.000217908
1536	0.000234067
1537	0.00022679
1538	0.000230727
1539	0.000224022
1540	0.000238038
1541	0.000229812
1542	0.00022502
1543	0.000223991
1544	0.000233568
1545	0.00023556
1546	0.000223228
1547	0.000225365
1548	0.000229347
1549	0.000233479
1550	0.000224048
1551	0.000227578
1552	0.000228546
1553	0.000228179
1554	0.000215427
1555	0.000894127
1556	0.000218896
1557	0.000240664
1558	0.000223315
1559	0.000234733
1560	0.000238941
1561	0.000233145
1562	0.000229963
1563	0.000226614
1564	0.000240658
1565	0.000236761
1566	0.000231141
1567	0.00022804
1568	0.000235566
1569	0.000238736
1570	0.000229184
1571	0.000233636
1572	0.000234074
1573	0.00023583
1574	0.000221426
1575	0.000221474
1576	0.000239612
1577	0.000231338
1578	0.000240014
1579	0.000229555
1580	0.000247666
1581	0.000236367
1582	0.000233749
1583	0.000232445
1584	0.000241653
1585	0.000244086
1586	0.000230477
1587	0.000234694
1588	0.000238893
1589	0.000245159
1590	0.000234878
1591	0.00024051
1592	0.000242926
1593	0.000242732
1594	0.00023203
1595	0.000229723
1596	0.000247521
1597	0.000238339
1598	0.000244927
1599	0.000236852
1600	0.000252156
1601	0.000243688
1602	0.000238544
1603	0.000238071
1604	0.00024642
1605	0.000249393
1606	0.000235398
1607	0.000239686
1608	0.000242261
1609	0.000248093
1610	0.000237659
1611	0.000241589
1612	0.000241901
1613	0.000241151
1614	0.000228316
1615	0.000227228
1616	0.00024218
1617	0.000234377
1618	0.000240692
1619	0.000232527
1620	0.000248343
1621	0.000240103
1622	0.000235096
1623	0.000234105
1624	0.000242531
1625	0.000243433
1626	0.000231116
1627	0.00023239
1628	0.000236882
1629	0.000241104
1630	0.000230753
1631	0.000235147
1632	0.000236633
1633	0.000236396
1634	0.00022372
1635	0.000222573
1636	0.000239002
1637	0.000230861
1638	0.000235591
1639	0.000227873
1640	0.00024318
1641	0.000233544
1642	0.000229573
1643	0.000227437
1644	0.000237299
1645	0.000238209
1646	0.00022542
1647	0.000227876
1648	0.00023179
1649	0.000236425
1650	0.000226882
1651	0.000230357
1652	0.000232408
1653	0.000232048
1654	0.000218614
1655	0.000218779
1656	0.00023321
1657	0.000225755
1658	0.000230028
1659	0.000222295
1660	0.000237591
1661	0.000229472
1662	0.000224768
1663	0.000224976
1664	0.000234134
1665	0.000235785
1666	0.000224371
1667	0.000225208
1668	0.000229308
1669	0.000232705
1670	0.000222003
1671	0.000226158
1672	0.000226066
1673	0.00022591
1674	0.000888405
1675	0.000848888
1676	0.00021773
1677	0.000225975
1678	0.00023399
1679	0.000225536
1680	0.000237585
1681	0.000229196
1682	0.000227071
1683	0.000223047
1684	0.000234458
1685	0.000235084
1686	0.000223761
1687	0.000222366
1688	0.000230095
1689	0.000230862
1690	0.000223817
1691	0.000226386
1692	0.000228408
1693	0.000228583
1694	0.000215268
1695	0.0008946
1696	0.000220588
1697	0.00024106
1698	0.00022332
1699	0.00023328
1700	0.000238319
1701	0.000231315
1702	0.000228783
1703	0.000224681
1704	0.000239049
1705	0.000233476
1706	0.000229149
1707	0.00022609
1708	0.000233732
1709	0.000238358
1710	0.000228998
1711	0.000235252
1712	0.000235763
1713	0.000238689
1714	0.000224145
1715	0.000225258
1716	0.000241698
1717	0.000233875
1718	0.000241501
1719	0.000231505
1720	0.000248786
1721	0.00023855
1722	0.000235438
1723	0.000235272
1724	0.000244364
1725	0.000248213
1726	0.000234346
1727	0.000238514
1728	0.000241395
1729	0.00024852
1730	0.000236586
1731	0.000242606
1732	0.000243511
1733	0.000243487
1734	0.000232017
1735	0.000229678
1736	0.000246696
1737	0.000237632
1738	0.000243655
1739	0.000236594
1740	0.000251996
1741	0.00024426
1742	0.000239993
1743	0.00023942
1744	0.000248028
1745	0.000249933
1746	0.000236574
1747	0.000239716
1748	0.000243032
1749	0.000247433
1750	0.000238333
1751	0.000240732
1752	0.000243095
1753	0.000241942
1754	0.000229443
1755	0.000228241
1756	0.000244689
1757	0.000236471
1758	0.000243566
1759	0.000234853
1760	0.000251514
1761	0.000242078
1762	0.000237222
1763	0.000236105
1764	0.000244401
1765	0.00024518
1766	0.00023257
1767	0.000234046
1768	0.000238525
1769	0.000242924
1770	0.000232975
1771	0.000237292
1772	0.000239308
1773	0.000238693
1774	0.00022652
1775	0.000226043
1776	0.000241696
1777	0.000233926
1778	0.000237671
1779	0.00022994
1780	0.000244215
1781	0.000234882
1782	0.000230442
1783	0.000229153
1784	0.000238574
1785	0.000240164
1786	0.000227679
1787	0.000230255
1788	0.000233727
1789	0.000238342
1790	0.000228255
1791	0.000232708
1792	0.000233155
1793	0.000233658
1794	0.000219058
1795	0.000220038
1796	0.000233086
1797	0.00022638
1798	0.000229772
1799	0.000222473
1800	0.000237222
1801	0.000229626
1802	0.000224702
1803	0.000224089
1804	0.000233436
1805	0.000234547
1806	0.000223223
1807	0.00022354
1808	0.000228471
1809	0.000231947
1810	0.000221627
1811	0.000224997
1812	0.000226156
1813	0.000226136
1814	0.000213579
1815	0.000892157
1816	0.000219053
1817	0.000240335
1818	0.000223648
1819	0.000234663
1820	0.000240088
1821	0.000233352
1822	0.000231268
1823	0.000227097
1824	0.00024152
1825	0.000236413
1826	0.000230779
1827	0.000227217
1828	0.000233938
1829	0.000236358
1830	0.000228181
1831	0.000232896
1832	0.000233691
1833	0.00023519
1834	0.000221228
1835	0.000221971
1836	0.000238922
1837	0.000230472
1838	0.000237837
1839	0.000227406
1840	0.000244648
1841	0.000233258
1842	0.000230882
1843	0.00022977
1844	0.000239576
1845	0.000242316
1846	0.000228964
1847	0.000232619
1848	0.000236917
1849	0.000243883
1850	0.000232757
1851	0.000238564
1852	0.000240749
1853	0.000240625
1854	0.000229743
1855	0.000227052
1856	0.00024513
1857	0.000235677
1858	0.000242525
1859	0.000234791
1860	0.000250471
1861	0.000242148
1862	0.000237431
1863	0.000237205
1864	0.0002455
1865	0.000248308
1866	0.000234278
1867	0.000238138
1868	0.000241052
1869	0.000246715
1870	0.000236436
1871	0.00023972
1872	0.00024146
1873	0.00024081
1874	0.000227096
1875	0.000226389
1876	0.00024219
1877	0.000233781
1878	0.000240485
1879	0.000231646
1880	0.000248019
1881	0.000239616
1882	0.00023494
1883	0.000233436
1884	0.000241844
1885	0.000241874
1886	0.000228715
1887	0.00023106
1888	0.000235323
1889	0.000240896
1890	0.000230199
1891	0.000235372
1892	0.000236176
1893	0.000236615
1894	0.00022356
1895	0.000222851
1896	0.000238443
1897	0.000230496
1898	0.000233694
1899	0.000226185
1900	0.00024016
1901	0.000231465
1902	0.000227276
1903	0.000225635
1904	0.000235434
1905	0.000236068
1906	0.000223664
1907	0.000226427
1908	0.000230875
1909	0.000235031
1910	0.000225242
1911	0.000228966
1912	0.000230732
1913	0.000230898
1914	0.000217202
1915	0.000217004
1916	0.000231481
1917	0.000223961
1918	0.000228424
1919	0.000220682
1920	0.000236337
1921	0.000228747
1922	0.000223827
1923	0.000223955
1924	0.000233328
1925	0.000235033
1926	0.000223541
1927	0.000223759
1928	0.000228335
1929	0.000231539
1930	0.000221231
1931	0.000224495
1932	0.000225865
1933	0.000225473
1934	0.000887013
1935	0.000847306
1936	0.000217397
1937	0.000225559
1938	0.00023377
1939	0.000225306
1940	0.000237811
1941	0.000229422
1942	0.000227072
1943	0.000223643
1944	0.0002349
1945	0.000236095
1946	0.000224495
1947	0.000223535
1948	0.000230293
1949	0.000231481
1950	0.000223906
1951	0.000226636
1952	0.00022779
1953	0.000228108
1954	0.000215234
1955	0.00089318
1956	0.000219935
1957	0.000240838
1958	0.000223667
1959	0.000234003
1960	0.000238954
1961	0.000231441
1962	0.000229058
1963	0.000224561
1964	0.000239077
1965	0.000233806
1966	0.000229325
1967	0.000226287
1968	0.000233619
1969	0.000238278
1970	0.0002289
1971	0.000235203
1972	0.000235443
1973	0.000238234
1974	0.000223516
1975	0.000224762
1976	0.000241225
1977	0.000233199
1978	0.000240644
1979	0.000230299
1980	0.00024748
1981	0.000236825
1982	0.000233596
1983	0.000233388
1984	0.000242253
1985	0.000245779
1986	0.000232628
1987	0.000236606
1988	0.000240379
1989	0.000247066
1990	0.000236079
1991	0.000241265
1992	0.000243415
1993	0.000242332
1994	0.000231709
1995	0.000228856
1996	0.000246608
1997	0.000237656
1998	0.000244379
1999	0.000237226
2000	0.000253379
