1	-17.8833
2	-20.3514
3	-18.1729
4	-15.3254
5	-14.0687
6	-14.7312
7	-15.1321
8	-15.5875
9	-16.2123
10	-15.8962
11	-15.6434
12	-15.5867
13	-15.4985
14	-15.2732
15	-15.0439
16	-15.0511
17	-15.1468
18	-15.0335
19	-14.9496
20	-14.882
21	-14.8255
22	-14.7766
23	-14.8049
24	-14.7519
25	-14.6668
26	-14.6211
27	-14.6912
28	-14.7264
29	-14.704
30	-14.6532
31	-14.5479
32	-14.6442
33	-14.5397
34	-14.5497
35	-14.4795
36	-14.5611
37	-14.47
38	-14.5102
39	-14.454
40	-14.5185
41	-14.4441
42	-14.3716
43	-14.467
44	-14.3909
45	-14.2926
46	-14.343
47	-14.3892
48	-14.3133
49	-14.2519
50	-14.3379
51	-14.4143
52	-14.3257
53	-14.2516
54	-14.2368
55	-14.4136
56	-14.4061
57	-14.3008
58	-14.3041
59	-14.3469
60	-14.3279
61	-14.2888
62	-14.2764
63	-14.2532
64	-14.2253
65	-14.1961
66	-14.1657
67	-14.1344
68	-14.1011
69	-14.0619
70	-14.0174
71	-13.9727
72	-13.6969
73	-13.6666
74	-13.9049
75	-13.8653
76	-13.6467
77	-13.6434
78	-13.8487
79	-13.8474
80	-13.5785
81	-13.3873
82	-13.5597
83	-13.7016
84	-13.5021
85	-13.2913
86	-13.1084
87	-13.2445
88	-13.3776
89	-13.2852
90	-13.157
91	-13.0221
92	-13.0509
93	-13.1818
94	-13.3617
95	-13.3957
96	-13.2696
97	-13.456
98	-13.5689
99	-13.7067
100	-13.8486
101	-13.9668
102	-14.1057
103	-14.2335
104	-14.3695
105	-14.2618
106	-14.1684
107	-14.2773
108	-14.1965
109	-14.3082
110	-14.2488
111	-14.1759
112	-14.1122
113	-14.0552
114	-14.113
115	-14.1742
116	-14.2385
117	-14.1831
118	-14.1234
119	-14.0685
120	-13.9856
121	-14.0559
122	-14.1162
123	-14.1953
124	-14.1399
125	-14.0667
126	-13.9995
127	-14.03
128	-13.9481
129	-13.8466
130	-13.9187
131	-14.0038
132	-13.8971
133	-13.9456
134	-13.8503
135	-13.9139
136	-13.9649
137	-13.9939
138	-13.9475
139	-13.8911
140	-13.9995
141	-13.9462
142	-14.047
143	-13.9771
144	-13.9165
145	-13.9653
146	-13.9336
147	-14.0008
148	-14.0822
149	-14.0279
150	-13.966
151	-14.0234
152	-13.945
153	-13.8736
154	-13.9327
155	-13.9952
156	-13.9384
157	-13.9884
158	-13.9369
159	-13.9903
160	-14.0434
161	-14.1022
162	-14.0191
163	-14.0756
164	-14.1284
165	-14.1789
166	-14.2252
167	-14.2651
168	-14.2995
169	-14.3315
170	-14.3549
171	-14.3859
172	-14.4053
173	-14.421
174	-14.4339
175	-14.4485
176	-14.4598
177	-14.4717
178	-14.4865
179	-14.507
180	-14.5382
181	-14.5118
182	-14.4936
183	-14.4734
184	-14.4556
185	-14.4408
186	-14.4241
187	-14.4124
188	-14.4028
189	-14.394
190	-14.3865
191	-14.3802
192	-14.3731
193	-14.3667
194	-14.36
195	-14.3536
196	-14.3478
197	-14.3423
198	-14.3371
199	-14.3316
200	-14.3256
201	-14.319
202	-14.312
203	-14.3051
204	-14.2986
205	-14.2926
206	-14.2871
207	-14.2818
208	-14.2763
209	-14.2702
210	-14.2634
211	-14.2561
212	-14.2485
213	-14.241
214	-14.2336
215	-14.2265
216	-14.2195
217	-14.2125
218	-14.2053
219	-14.1979
220	-14.1903
221	-14.1827
222	-14.1749
223	-14.1672
224	-14.1595
225	-14.1518
226	-14.144
227	-14.136
228	-14.1279
229	-14.1197
230	-14.1113
231	-14.1288
232	-14.1192
233	-14.1075
234	-14.0952
235	-14.0829
236	-14.1002
237	-14.0882
238	-14.0753
239	-14.0614
240	-14.0754
241	-14.0901
242	-14.0777
243	-14.0645
244	-14.0746
245	-14.0837
246	-14.092
247	-14.0992
248	-14.1055
249	-14.1109
250	-14.1154
251	-14.1192
252	-14.1224
253	-14.1253
254	-14.1278
255	-14.1316
256	-14.1354
257	-14.1394
258	-14.1438
259	-14.1486
260	-14.1544
261	-14.1616
262	-14.1702
263	-14.1657
264	-14.1748
265	-14.1697
266	-14.1663
267	-14.1621
268	-14.1585
269	-14.1555
270	-14.1528
271	-14.1494
272	-14.1468
273	-14.1446
274	-14.1414
275	-14.1393
276	-14.1374
277	-14.1345
278	-14.1327
279	-14.131
280	-14.1295
281	-14.128
282	-14.1265
283	-14.1251
284	-14.1237
285	-14.1216
286	-14.1202
287	-14.1182
288	-14.1162
289	-14.1142
290	-14.1122
291	-14.116
292	-14.1118
293	-14.1157
294	-14.1138
295	-14.1116
296	-14.1092
297	-14.1066
298	-14.1025
299	-14.0998
300	-14.0963
301	-14.0986
302	-14.101
303	-14.103
304	-14.1047
305	-14.1007
306	-14.1028
307	-14.1042
308	-14.1055
309	-14.1065
310	-14.1074
311	-14.1082
312	-14.1089
313	-14.1095
314	-14.1107
315	-14.1118
316	-14.1128
317	-14.1136
318	-14.1144
319	-14.1123
320	-14.1142
321	-14.1163
322	-14.1184
323	-14.1199
324	-14.1217
325	-14.1235
326	-14.1257
327	-14.1243
328	-14.1231
329	-14.122
330	-14.1242
331	-14.1229
332	-14.122
333	-14.1207
334	-14.12
335	-14.119
336	-14.1184
337	-14.1175
338	-14.1171
339	-14.1164
340	-14.116
341	-14.1154
342	-14.1147
343	-14.1141
344	-14.1136
345	-14.113
346	-14.1125
347	-14.1121
348	-14.1117
349	-14.1113
350	-14.1109
351	-14.1105
352	-14.1099
353	-14.1107
354	-14.1106
355	-14.1116
356	-14.1125
357	-14.1135
358	-14.1128
359	-14.1136
360	-14.1142
361	-14.1134
362	-14.114
363	-14.1144
364	-14.1149
365	-14.1153
366	-14.1156
367	-14.116
368	-14.1165
369	-14.1159
370	-14.1163
371	-14.1166
372	-14.117
373	-14.1172
374	-14.1174
375	-14.1172
376	-14.1168
377	-14.1171
378	-14.1176
379	-14.1173
380	-14.1177
381	-14.1179
382	-14.1182
383	-14.118
384	-14.1177
385	-14.1183
386	-14.1179
387	-14.1186
388	-14.1182
389	-14.1179
390	-14.1175
391	-14.1171
392	-14.1167
393	-14.1164
394	-14.1161
395	-14.1158
396	-14.1156
397	-14.1153
398	-14.1152
399	-14.115
400	-14.1152
401	-14.115
402	-14.1149
403	-14.1147
404	-14.1146
405	-14.1144
406	-14.1146
407	-14.1149
408	-14.1152
409	-14.115
410	-14.1149
411	-14.1147
412	-14.1146
413	-14.1144
414	-14.1142
415	-14.114
416	-14.1142
417	-14.1143
418	-14.1145
419	-14.1146
420	-14.1144
421	-14.1141
422	-14.1143
423	-14.1144
424	-14.1145
425	-14.1146
426	-14.1146
427	-14.1147
428	-14.1148
429	-14.1149
430	-14.1151
431	-14.1152
432	-14.1151
433	-14.1152
434	-14.1151
435	-14.1152
436	-14.115
437	-14.1151
438	-14.115
439	-14.1151
440	-14.1151
441	-14.1149
442	-14.115
443	-14.115
444	-14.1149
445	-14.1148
446	-14.1147
447	-14.1146
448	-14.1144
449	-14.1143
450	-14.1141
451	-14.1139
452	-14.1137
453	-14.1135
454	-14.1132
455	-14.1129
456	-14.1126
457	-14.1127
458	-14.1127
459	-14.1127
460	-14.1127
461	-14.1128
462	-14.1128
463	-14.1129
464	-14.1129
465	-14.113
466	-14.113
467	-14.1131
468	-14.1131
469	-14.1132
470	-14.1132
471	-14.1132
472	-14.1132
473	-14.1133
474	-14.1133
475	-14.1133
476	-14.1133
477	-14.1133
478	-14.1133
479	-14.1133
480	-14.1133
481	-14.1133
482	-14.1133
483	-14.1134
484	-14.1134
485	-14.1134
486	-14.1134
487	-14.1134
488	-14.1134
489	-14.1134
490	-14.1134
491	-14.1134
492	-14.1134
493	-14.1135
494	-14.1135
495	-14.1135
496	-14.1135
497	-14.1135
498	-14.1135
499	-14.1135
500	-14.1135
501	-14.1135
502	-14.1135
503	-14.1135
504	-14.1135
505	-14.1135
506	-14.1136
507	-14.1136
508	-14.1136
509	-14.1136
510	-14.1136
511	-14.1136
512	-14.1136
513	-14.1136
514	-14.1136
515	-14.1136
516	-14.1136
517	-14.1135
518	-14.1135
519	-14.1135
520	-14.1135
521	-14.1135
522	-14.1135
523	-14.1135
524	-14.1134
525	-14.1134
526	-14.1134
527	-14.1134
528	-14.1134
529	-14.1134
530	-14.1133
531	-14.1133
532	-14.1133
533	-14.1133
534	-14.1133
535	-14.1133
536	-14.1133
537	-14.1132
538	-14.1132
539	-14.1132
540	-14.1132
541	-14.1132
542	-14.1132
543	-14.1132
544	-14.1132
545	-14.1132
546	-14.1132
547	-14.1132
548	-14.1132
549	-14.1131
550	-14.1131
551	-14.1131
552	-14.1131
553	-14.1131
554	-14.1132
555	-14.1132
556	-14.1132
557	-14.1132
558	-14.1132
559	-14.1132
560	-14.1132
561	-14.1132
562	-14.1132
563	-14.1132
564	-14.1132
565	-14.1133
566	-14.1133
567	-14.1133
568	-14.1133
569	-14.1133
570	-14.1133
571	-14.1133
572	-14.1133
573	-14.1133
574	-14.1134
575	-14.1134
576	-14.1134
577	-14.1134
578	-14.1134
579	-14.1134
580	-14.1134
581	-14.1134
582	-14.1134
583	-14.1134
584	-14.1134
585	-14.1134
586	-14.1134
587	-14.1135
588	-14.1135
589	-14.1135
590	-14.1135
591	-14.1135
592	-14.1135
593	-14.1135
594	-14.1135
595	-14.1135
596	-14.1135
597	-14.1135
598	-14.1135
599	-14.1135
600	-14.1135
601	-14.1135
602	-14.1135
603	-14.1135
604	-14.1135
605	-14.1135
606	-14.1135
607	-14.1135
608	-14.1135
609	-14.1135
610	-14.1135
611	-14.1135
612	-14.1135
613	-14.1135
614	-14.1135
615	-14.1135
616	-14.1135
617	-14.1135
618	-14.1135
619	-14.1135
620	-14.1135
621	-14.1135
622	-14.1135
623	-14.1135
624	-14.1135
625	-14.1135
626	-14.1135
627	-14.1135
628	-14.1135
629	-14.1135
630	-14.1135
631	-14.1135
632	-14.1135
633	-14.1135
634	-14.1135
635	-14.1135
636	-14.1135
637	-14.1135
638	-14.1135
639	-14.1135
640	-14.1135
641	-14.1135
642	-14.1135
643	-14.1135
644	-14.1135
645	-14.1135
646	-14.1135
647	-14.1135
648	-14.1135
649	-14.1135
650	-14.1135
651	-14.1135
652	-14.1135
653	-14.1135
654	-14.1135
655	-14.1135
656	-14.1135
657	-14.1135
658	-14.1135
659	-14.1135
660	-14.1135
661	-14.1135
662	-14.1135
663	-14.1135
664	-14.1135
665	-14.1135
666	-14.1135
667	-14.1135
668	-14.1135
669	-14.1135
670	-14.1135
671	-14.1135
672	-14.1136
673	-14.1136
674	-14.1136
675	-14.1136
676	-14.1136
677	-14.1136
678	-14.1136
679	-14.1136
680	-14.1136
681	-14.1136
682	-14.1136
683	-14.1136
684	-14.1136
685	-14.1136
686	-14.1136
687	-14.1136
688	-14.1136
689	-14.1136
690	-14.1136
691	-14.1136
692	-14.1136
693	-14.1136
694	-14.1136
695	-14.1136
696	-14.1136
697	-14.1136
698	-14.1136
699	-14.1136
700	-14.1136
701	-14.1136
702	-14.1136
703	-14.1136
704	-14.1136
705	-14.1136
706	-14.1136
707	-14.1136
708	-14.1136
709	-14.1136
710	-14.1136
711	-14.1136
712	-14.1136
713	-14.1136
714	-14.1136
715	-14.1136
716	-14.1136
717	-14.1136
718	-14.1136
719	-14.1136
720	-14.1136
721	-14.1136
722	-14.1136
723	-14.1136
724	-14.1136
725	-14.1136
726	-14.1136
727	-14.1136
728	-14.1136
729	-14.1136
730	-14.1136
731	-14.1136
732	-14.1136
733	-14.1136
734	-14.1136
735	-14.1136
736	-14.1136
737	-14.1136
738	-14.1136
739	-14.1136
740	-14.1136
741	-14.1136
742	-14.1136
743	-14.1136
744	-14.1136
745	-14.1136
746	-14.1136
747	-14.1136
748	-14.1136
749	-14.1136
750	-14.1136
751	-14.1136
752	-14.1136
753	-14.1136
754	-14.1136
755	-14.1136
756	-14.1136
757	-14.1136
758	-14.1136
759	-14.1136
760	-14.1136
761	-14.1136
762	-14.1136
763	-14.1136
764	-14.1136
765	-14.1136
766	-14.1136
767	-14.1136
768	-14.1136
769	-14.1136
770	-14.1136
771	-14.1136
772	-14.1136
773	-14.1136
774	-14.1136
775	-14.1136
776	-14.1136
777	-14.1136
778	-14.1136
779	-14.1136
780	-14.1136
781	-14.1136
782	-14.1136
783	-14.1137
784	-14.1137
785	-14.1137
786	-14.1137
787	-14.1137
788	-14.1137
789	-14.1137
790	-14.1137
791	-14.1137
792	-14.1137
793	-14.1137
794	-14.1137
795	-14.1137
796	-14.1137
797	-14.1137
798	-14.1137
799	-14.1137
800	-14.1137
801	-14.1137
802	-14.1137
803	-14.1137
804	-14.1137
805	-14.1137
806	-14.1137
807	-14.1137
808	-14.1137
809	-14.1137
810	-14.1137
811	-14.1137
812	-14.1137
813	-14.1137
814	-14.1137
815	-14.1137
816	-14.1137
817	-14.1137
818	-14.1137
819	-14.1137
820	-14.1137
821	-14.1137
822	-14.1137
823	-14.1137
824	-14.1137
825	-14.1137
826	-14.1137
827	-14.1137
828	-14.1137
829	-14.1137
830	-14.1137
831	-14.1137
832	-14.1137
833	-14.1137
834	-14.1137
835	-14.1137
836	-14.1137
837	-14.1137
838	-14.1137
839	-14.1137
840	-14.1137
841	-14.1137
842	-14.1137
843	-14.1137
844	-14.1137
845	-14.1137
846	-14.1137
847	-14.1137
848	-14.1137
849	-14.1137
850	-14.1137
851	-14.1137
852	-14.1137
853	-14.1137
854	-14.1137
855	-14.1137
856	-14.1137
857	-14.1137
858	-14.1137
859	-14.1137
860	-14.1137
861	-14.1137
862	-14.1137
863	-14.1137
864	-14.1137
865	-14.1137
866	-14.1137
867	-14.1137
868	-14.1137
869	-14.1137
870	-14.1137
871	-14.1137
872	-14.1137
873	-14.1137
874	-14.1137
875	-14.1137
876	-14.1137
877	-14.1137
878	-14.1137
879	-14.1137
880	-14.1137
881	-14.1137
882	-14.1137
883	-14.1137
884	-14.1137
885	-14.1137
886	-14.1137
887	-14.1137
888	-14.1137
889	-14.1137
890	-14.1137
891	-14.1137
892	-14.1137
893	-14.1137
894	-14.1137
895	-14.1137
896	-14.1137
897	-14.1137
898	-14.1137
899	-14.1137
900	-14.1137
901	-14.1137
902	-14.1137
903	-14.1137
904	-14.1137
905	-14.1137
906	-14.1137
907	-14.1137
908	-14.1137
909	-14.1137
910	-14.1137
911	-14.1137
912	-14.1137
913	-14.1137
914	-14.1137
915	-14.1137
916	-14.1137
917	-14.1137
918	-14.1137
919	-14.1137
920	-14.1137
921	-14.1137
922	-14.1137
923	-14.1137
924	-14.1137
925	-14.1137
926	-14.1137
927	-14.1137
928	-14.1137
929	-14.1137
930	-14.1137
931	-14.1137
932	-14.1137
933	-14.1137
934	-14.1137
935	-14.1137
936	-14.1137
937	-14.1137
938	-14.1137
939	-14.1137
940	-14.1137
941	-14.1137
942	-14.1137
943	-14.1137
944	-14.1137
945	-14.1137
946	-14.1137
947	-14.1137
948	-14.1137
949	-14.1137
950	-14.1137
951	-14.1137
952	-14.1137
953	-14.1137
954	-14.1137
955	-14.1137
956	-14.1137
957	-14.1137
958	-14.1137
959	-14.1137
960	-14.1137
961	-14.1137
962	-14.1137
963	-14.1137
964	-14.1137
965	-14.1137
966	-14.1137
967	-14.1137
968	-14.1137
969	-14.1137
970	-14.1137
971	-14.1137
972	-14.1137
973	-14.1137
974	-14.1137
975	-14.1137
976	-14.1137
977	-14.1137
978	-14.1137
979	-14.1137
980	-14.1137
981	-14.1137
982	-14.1137
983	-14.1137
984	-14.1137
985	-14.1137
986	-14.1137
987	-14.1137
988	-14.1137
989	-14.1137
990	-14.1137
991	-14.1137
992	-14.1137
993	-14.1137
994	-14.1137
995	-14.1137
996	-14.1137
997	-14.1137
998	-14.1137
999	-14.1136
1000	-14.1136
1001	-14.1136
1002	-14.1136
1003	-14.1136
1004	-14.1137
1005	-14.1137
1006	-14.1137
1007	-14.1137
1008	-14.1137
1009	-14.1137
1010	-14.1137
1011	-14.1137
1012	-14.1137
1013	-14.1137
1014	-14.1137
1015	-14.1137
1016	-14.1137
1017	-14.1137
1018	-14.1137
1019	-14.1137
1020	-14.1137
1021	-14.1137
1022	-14.1137
1023	-14.1137
1024	-14.1137
1025	-14.1137
1026	-14.1137
1027	-14.1137
1028	-14.1137
1029	-14.1137
1030	-14.1137
1031	-14.1137
1032	-14.1137
1033	-14.1137
1034	-14.1137
1035	-14.1137
1036	-14.1137
1037	-14.1137
1038	-14.1137
1039	-14.1137
1040	-14.1137
1041	-14.1137
1042	-14.1137
1043	-14.1137
1044	-14.1137
1045	-14.1137
1046	-14.1137
1047	-14.1137
1048	-14.1137
1049	-14.1137
1050	-14.1137
1051	-14.1137
1052	-14.1137
1053	-14.1137
1054	-14.1137
1055	-14.1137
1056	-14.1137
1057	-14.1137
1058	-14.1137
1059	-14.1137
1060	-14.1137
1061	-14.1137
1062	-14.1137
1063	-14.1137
1064	-14.1137
1065	-14.1137
1066	-14.1137
1067	-14.1137
1068	-14.1137
1069	-14.1137
1070	-14.1137
1071	-14.1137
1072	-14.1137
1073	-14.1137
1074	-14.1137
1075	-14.1137
1076	-14.1137
1077	-14.1137
1078	-14.1137
1079	-14.1137
1080	-14.1137
1081	-14.1137
1082	-14.1137
1083	-14.1137
1084	-14.1137
1085	-14.1137
1086	-14.1137
1087	-14.1137
1088	-14.1137
1089	-14.1137
1090	-14.1137
1091	-14.1137
1092	-14.1137
1093	-14.1137
1094	-14.1137
1095	-14.1137
1096	-14.1137
1097	-14.1137
1098	-14.1137
1099	-14.1137
1100	-14.1137
1101	-14.1137
1102	-14.1137
1103	-14.1137
1104	-14.1137
1105	-14.1137
1106	-14.1137
1107	-14.1137
1108	-14.1137
1109	-14.1137
1110	-14.1137
1111	-14.1137
1112	-14.1137
1113	-14.1137
1114	-14.1137
1115	-14.1137
1116	-14.1137
1117	-14.1137
1118	-14.1137
1119	-14.1137
1120	-14.1137
1121	-14.1137
1122	-14.1137
1123	-14.1137
1124	-14.1137
1125	-14.1137
1126	-14.1137
1127	-14.1137
1128	-14.1137
1129	-14.1137
1130	-14.1137
1131	-14.1137
1132	-14.1137
1133	-14.1137
1134	-14.1137
1135	-14.1137
1136	-14.1137
1137	-14.1136
1138	-14.1136
1139	-14.1136
1140	-14.1136
1141	-14.1136
1142	-14.1136
1143	-14.1136
1144	-14.1136
1145	-14.1136
1146	-14.1136
1147	-14.1136
1148	-14.1136
1149	-14.1136
1150	-14.1136
1151	-14.1136
1152	-14.1136
1153	-14.1136
1154	-14.1136
1155	-14.1136
1156	-14.1136
1157	-14.1136
1158	-14.1136
1159	-14.1136
1160	-14.1137
1161	-14.1136
1162	-14.1137
1163	-14.1137
1164	-14.1137
1165	-14.1137
1166	-14.1137
1167	-14.1137
1168	-14.1137
1169	-14.1137
1170	-14.1137
1171	-14.1137
1172	-14.1137
1173	-14.1137
1174	-14.1137
1175	-14.1137
1176	-14.1136
1177	-14.1136
1178	-14.1136
1179	-14.1136
1180	-14.1136
1181	-14.1136
1182	-14.1137
1183	-14.1137
1184	-14.1137
1185	-14.1137
1186	-14.1137
1187	-14.1137
1188	-14.1137
1189	-14.1137
1190	-14.1137
1191	-14.1137
1192	-14.1137
1193	-14.1137
1194	-14.1137
1195	-14.1137
1196	-14.1137
1197	-14.1137
1198	-14.1137
1199	-14.1136
1200	-14.1136
1201	-14.1136
1202	-14.1136
1203	-14.1136
1204	-14.1136
1205	-14.1136
1206	-14.1136
1207	-14.1136
1208	-14.1136
1209	-14.1136
1210	-14.1136
1211	-14.1136
1212	-14.1136
1213	-14.1136
1214	-14.1136
1215	-14.1136
1216	-14.1136
1217	-14.1136
1218	-14.1136
1219	-14.1136
1220	-14.1136
1221	-14.1136
1222	-14.1136
1223	-14.1136
1224	-14.1136
1225	-14.1136
1226	-14.1136
1227	-14.1137
1228	-14.1137
1229	-14.1137
1230	-14.1137
1231	-14.1137
1232	-14.1137
1233	-14.1137
1234	-14.1137
1235	-14.1137
1236	-14.1137
1237	-14.1137
1238	-14.1137
1239	-14.1137
1240	-14.1137
1241	-14.1137
1242	-14.1137
1243	-14.1137
1244	-14.1137
1245	-14.1137
1246	-14.1137
1247	-14.1137
1248	-14.1137
1249	-14.1137
1250	-14.1137
1251	-14.1137
1252	-14.1137
1253	-14.1137
1254	-14.1137
1255	-14.1137
1256	-14.1137
1257	-14.1137
1258	-14.1137
1259	-14.1137
1260	-14.1137
1261	-14.1137
1262	-14.1137
1263	-14.1137
1264	-14.1137
1265	-14.1137
1266	-14.1137
1267	-14.1137
1268	-14.1137
1269	-14.1137
1270	-14.1137
1271	-14.1137
1272	-14.1137
1273	-14.1137
1274	-14.1137
1275	-14.1136
1276	-14.1136
1277	-14.1136
1278	-14.1136
1279	-14.1136
1280	-14.1136
1281	-14.1136
1282	-14.1136
1283	-14.1136
1284	-14.1136
1285	-14.1136
1286	-14.1136
1287	-14.1136
1288	-14.1136
1289	-14.1136
1290	-14.1136
1291	-14.1136
1292	-14.1136
1293	-14.1136
1294	-14.1136
1295	-14.1136
1296	-14.1136
1297	-14.1136
1298	-14.1136
1299	-14.1136
1300	-14.1136
1301	-14.1136
1302	-14.1136
1303	-14.1136
1304	-14.1136
1305	-14.1136
1306	-14.1137
1307	-14.1137
1308	-14.1137
1309	-14.1137
1310	-14.1137
1311	-14.1137
1312	-14.1137
1313	-14.1137
1314	-14.1137
1315	-14.1137
1316	-14.1137
1317	-14.1137
1318	-14.1137
1319	-14.1137
1320	-14.1137
1321	-14.1137
1322	-14.1137
1323	-14.1137
1324	-14.1137
1325	-14.1137
1326	-14.1137
1327	-14.1137
1328	-14.1137
1329	-14.1137
1330	-14.1137
1331	-14.1137
1332	-14.1137
1333	-14.1137
1334	-14.1137
1335	-14.1137
1336	-14.1137
1337	-14.1137
1338	-14.1137
1339	-14.1137
1340	-14.1137
1341	-14.1137
1342	-14.1137
1343	-14.1137
1344	-14.1137
1345	-14.1137
1346	-14.1137
1347	-14.1137
1348	-14.1137
1349	-14.1137
1350	-14.1137
1351	-14.1137
1352	-14.1137
1353	-14.1137
1354	-14.1137
1355	-14.1137
1356	-14.1137
1357	-14.1137
1358	-14.1137
1359	-14.1137
1360	-14.1137
1361	-14.1137
1362	-14.1137
1363	-14.1137
1364	-14.1137
1365	-14.1137
1366	-14.1137
1367	-14.1137
1368	-14.1137
1369	-14.1137
1370	-14.1137
1371	-14.1137
1372	-14.1137
1373	-14.1137
1374	-14.1137
1375	-14.1137
1376	-14.1137
1377	-14.1137
1378	-14.1137
1379	-14.1137
1380	-14.1137
1381	-14.1137
1382	-14.1137
1383	-14.1137
1384	-14.1137
1385	-14.1137
1386	-14.1137
1387	-14.1137
1388	-14.1137
1389	-14.1137
1390	-14.1137
1391	-14.1136
1392	-14.1136
1393	-14.1136
1394	-14.1136
1395	-14.1136
1396	-14.1136
1397	-14.1136
1398	-14.1136
1399	-14.1136
1400	-14.1136
1401	-14.1136
1402	-14.1136
1403	-14.1136
1404	-14.1136
1405	-14.1136
1406	-14.1136
1407	-14.1136
1408	-14.1136
1409	-14.1136
1410	-14.1136
1411	-14.1136
1412	-14.1136
1413	-14.1136
1414	-14.1136
1415	-14.1136
1416	-14.1136
1417	-14.1136
1418	-14.1136
1419	-14.1136
1420	-14.1136
1421	-14.1136
1422	-14.1136
1423	-14.1136
1424	-14.1136
1425	-14.1136
1426	-14.1137
1427	-14.1137
1428	-14.1137
1429	-14.1137
1430	-14.1137
1431	-14.1137
1432	-14.1137
1433	-14.1137
1434	-14.1137
1435	-14.1137
1436	-14.1137
1437	-14.1136
1438	-14.1136
1439	-14.1136
1440	-14.1137
1441	-14.1136
1442	-14.1137
1443	-14.1137
1444	-14.1137
1445	-14.1137
1446	-14.1137
1447	-14.1137
1448	-14.1137
1449	-14.1137
1450	-14.1137
1451	-14.1137
1452	-14.1137
1453	-14.1137
1454	-14.1137
1455	-14.1137
1456	-14.1136
1457	-14.1136
1458	-14.1136
1459	-14.1136
1460	-14.1136
1461	-14.1136
1462	-14.1136
1463	-14.1136
1464	-14.1136
1465	-14.1136
1466	-14.1137
1467	-14.1137
1468	-14.1137
1469	-14.1137
1470	-14.1137
1471	-14.1137
1472	-14.1137
1473	-14.1137
1474	-14.1137
1475	-14.1136
1476	-14.1136
1477	-14.1136
1478	-14.1136
1479	-14.1136
1480	-14.1136
1481	-14.1136
1482	-14.1136
1483	-14.1136
1484	-14.1136
1485	-14.1137
1486	-14.1137
1487	-14.1137
1488	-14.1137
1489	-14.1137
1490	-14.1137
1491	-14.1137
1492	-14.1137
1493	-14.1137
1494	-14.1137
1495	-14.1137
1496	-14.1137
1497	-14.1136
1498	-14.1136
1499	-14.1136
1500	-14.1136
1501	-14.1136
1502	-14.1137
1503	-14.1136
1504	-14.1137
1505	-14.1137
1506	-14.1137
1507	-14.1137
1508	-14.1137
1509	-14.1137
1510	-14.1137
1511	-14.1136
1512	-14.1136
1513	-14.1136
1514	-14.1136
1515	-14.1136
1516	-14.1136
1517	-14.1136
1518	-14.1136
1519	-14.1136
1520	-14.1136
1521	-14.1136
1522	-14.1136
1523	-14.1136
1524	-14.1136
1525	-14.1136
1526	-14.1136
1527	-14.1136
1528	-14.1136
1529	-14.1136
1530	-14.1136
1531	-14.1136
1532	-14.1136
1533	-14.1136
1534	-14.1136
1535	-14.1136
1536	-14.1136
1537	-14.1136
1538	-14.1136
1539	-14.1136
1540	-14.1136
1541	-14.1136
1542	-14.1136
1543	-14.1136
1544	-14.1136
1545	-14.1136
1546	-14.1136
1547	-14.1136
1548	-14.1136
1549	-14.1136
1550	-14.1136
1551	-14.1136
1552	-14.1136
1553	-14.1136
1554	-14.1136
1555	-14.1136
1556	-14.1136
1557	-14.1136
1558	-14.1136
1559	-14.1136
1560	-14.1136
1561	-14.1136
1562	-14.1136
1563	-14.1136
1564	-14.1137
1565	-14.1137
1566	-14.1137
1567	-14.1137
1568	-14.1137
1569	-14.1137
1570	-14.1137
1571	-14.1137
1572	-14.1137
1573	-14.1137
1574	-14.1137
1575	-14.1136
1576	-14.1136
1577	-14.1136
1578	-14.1136
1579	-14.1136
1580	-14.1136
1581	-14.1136
1582	-14.1136
1583	-14.1136
1584	-14.1136
1585	-14.1136
1586	-14.1136
1587	-14.1136
1588	-14.1136
1589	-14.1136
1590	-14.1136
1591	-14.1136
1592	-14.1136
1593	-14.1136
1594	-14.1136
1595	-14.1136
1596	-14.1136
1597	-14.1136
1598	-14.1136
1599	-14.1136
1600	-14.1136
1601	-14.1136
1602	-14.1136
1603	-14.1136
1604	-14.1136
1605	-14.1136
1606	-14.1136
1607	-14.1136
1608	-14.1136
1609	-14.1136
1610	-14.1137
1611	-14.1136
1612	-14.1137
1613	-14.1136
1614	-14.1137
1615	-14.1136
1616	-14.1136
1617	-14.1136
1618	-14.1137
1619	-14.1136
1620	-14.1137
1621	-14.1137
1622	-14.1137
1623	-14.1137
1624	-14.1137
1625	-14.1137
1626	-14.1137
1627	-14.1137
1628	-14.1137
1629	-14.1137
1630	-14.1137
1631	-14.1137
1632	-14.1137
1633	-14.1137
1634	-14.1137
1635	-14.1136
1636	-14.1136
1637	-14.1136
1638	-14.1136
1639	-14.1136
1640	-14.1136
1641	-14.1136
1642	-14.1136
1643	-14.1136
1644	-14.1136
1645	-14.1136
1646	-14.1136
1647	-14.1136
1648	-14.1136
1649	-14.1136
1650	-14.1136
1651	-14.1136
1652	-14.1136
1653	-14.1136
1654	-14.1136
1655	-14.1136
1656	-14.1136
1657	-14.1136
1658	-14.1136
1659	-14.1136
1660	-14.1136
1661	-14.1136
1662	-14.1136
1663	-14.1136
1664	-14.1136
1665	-14.1136
1666	-14.1136
1667	-14.1137
1668	-14.1137
1669	-14.1137
1670	-14.1137
1671	-14.1137
1672	-14.1137
1673	-14.1137
1674	-14.1137
1675	-14.1137
1676	-14.1137
1677	-14.1137
1678	-14.1137
1679	-14.1137
1680	-14.1137
1681	-14.1137
1682	-14.1137
1683	-14.1137
1684	-14.1137
1685	-14.1137
1686	-14.1137
1687	-14.1137
1688	-14.1137
1689	-14.1137
1690	-14.1137
1691	-14.1136
1692	-14.1136
1693	-14.1136
1694	-14.1136
1695	-14.1136
1696	-14.1136
1697	-14.1136
1698	-14.1136
1699	-14.1136
1700	-14.1136
1701	-14.1136
1702	-14.1136
1703	-14.1136
1704	-14.1136
1705	-14.1136
1706	-14.1136
1707	-14.1136
1708	-14.1136
1709	-14.1136
1710	-14.1136
1711	-14.1136
1712	-14.1136
1713	-14.1136
1714	-14.1136
1715	-14.1136
1716	-14.1136
1717	-14.1136
1718	-14.1136
1719	-14.1136
1720	-14.1136
1721	-14.1136
1722	-14.1136
1723	-14.1136
1724	-14.1136
1725	-14.1136
1726	-14.1136
1727	-14.1136
1728	-14.1136
1729	-14.1136
1730	-14.1136
1731	-14.1136
1732	-14.1136
1733	-14.1136
1734	-14.1136
1735	-14.1136
1736	-14.1136
1737	-14.1136
1738	-14.1136
1739	-14.1136
1740	-14.1136
1741	-14.1136
1742	-14.1137
1743	-14.1137
1744	-14.1137
1745	-14.1137
1746	-14.1137
1747	-14.1137
1748	-14.1137
1749	-14.1137
1750	-14.1137
1751	-14.1137
1752	-14.1137
1753	-14.1136
1754	-14.1136
1755	-14.1136
1756	-14.1136
1757	-14.1136
1758	-14.1136
1759	-14.1136
1760	-14.1136
1761	-14.1136
1762	-14.1136
1763	-14.1136
1764	-14.1136
1765	-14.1136
1766	-14.1136
1767	-14.1136
1768	-14.1136
1769	-14.1136
1770	-14.1136
1771	-14.1136
1772	-14.1136
1773	-14.1136
1774	-14.1136
1775	-14.1136
1776	-14.1136
1777	-14.1136
1778	-14.1136
1779	-14.1136
1780	-14.1136
1781	-14.1136
1782	-14.1136
1783	-14.1136
1784	-14.1136
1785	-14.1136
1786	-14.1136
1787	-14.1136
1788	-14.1136
1789	-14.1136
1790	-14.1136
1791	-14.1136
1792	-14.1136
1793	-14.1136
1794	-14.1136
1795	-14.1136
1796	-14.1137
1797	-14.1137
1798	-14.1137
1799	-14.1137
1800	-14.1137
1801	-14.1137
1802	-14.1137
1803	-14.1137
1804	-14.1137
1805	-14.1137
1806	-14.1137
1807	-14.1137
1808	-14.1137
1809	-14.1137
1810	-14.1137
1811	-14.1137
1812	-14.1137
1813	-14.1137
1814	-14.1137
1815	-14.1136
1816	-14.1136
1817	-14.1136
1818	-14.1136
1819	-14.1136
1820	-14.1136
1821	-14.1136
1822	-14.1136
1823	-14.1136
1824	-14.1136
1825	-14.1136
1826	-14.1136
1827	-14.1136
1828	-14.1136
1829	-14.1136
1830	-14.1136
1831	-14.1136
1832	-14.1136
1833	-14.1136
1834	-14.1136
1835	-14.1136
1836	-14.1136
1837	-14.1136
1838	-14.1136
1839	-14.1136
1840	-14.1136
1841	-14.1136
1842	-14.1136
1843	-14.1136
1844	-14.1136
1845	-14.1136
1846	-14.1136
1847	-14.1136
1848	-14.1136
1849	-14.1136
1850	-14.1136
1851	-14.1136
1852	-14.1136
1853	-14.1136
1854	-14.1136
1855	-14.1136
1856	-14.1136
1857	-14.1136
1858	-14.1136
1859	-14.1136
1860	-14.1136
1861	-14.1136
1862	-14.1136
1863	-14.1136
1864	-14.1136
1865	-14.1136
1866	-14.1136
1867	-14.1136
1868	-14.1136
1869	-14.1136
1870	-14.1136
1871	-14.1136
1872	-14.1136
1873	-14.1136
1874	-14.1136
1875	-14.1136
1876	-14.1136
1877	-14.1136
1878	-14.1136
1879	-14.1136
1880	-14.1136
1881	-14.1136
1882	-14.1136
1883	-14.1136
1884	-14.1136
1885	-14.1136
1886	-14.1136
1887	-14.1136
1888	-14.1136
1889	-14.1136
1890	-14.1136
1891	-14.1136
1892	-14.1136
1893	-14.1136
1894	-14.1136
1895	-14.1136
1896	-14.1136
1897	-14.1136
1898	-14.1136
1899	-14.1136
1900	-14.1136
1901	-14.1136
1902	-14.1136
1903	-14.1136
1904	-14.1136
1905	-14.1136
1906	-14.1136
1907	-14.1136
1908	-14.1136
1909	-14.1136
1910	-14.1137
1911	-14.1136
1912	-14.1136
1913	-14.1136
1914	-14.1136
1915	-14.1136
1916	-14.1136
1917	-14.1136
1918	-14.1136
1919	-14.1136
1920	-14.1136
1921	-14.1136
1922	-14.1136
1923	-14.1136
1924	-14.1136
1925	-14.1136
1926	-14.1136
1927	-14.1136
1928	-14.1136
1929	-14.1136
1930	-14.1136
1931	-14.1136
1932	-14.1136
1933	-14.1136
1934	-14.1136
1935	-14.1136
1936	-14.1136
1937	-14.1136
1938	-14.1136
1939	-14.1136
1940	-14.1136
1941	-14.1136
1942	-14.1136
1943	-14.1136
1944	-14.1136
1945	-14.1136
1946	-14.1136
1947	-14.1136
1948	-14.1136
1949	-14.1136
1950	-14.1136
1951	-14.1136
1952	-14.1136
1953	-14.1136
1954	-14.1136
1955	-14.1136
1956	-14.1136
1957	-14.1136
1958	-14.1136
1959	-14.1136
1960	-14.1136
1961	-14.1136
1962	-14.1136
1963	-14.1136
1964	-14.1136
1965	-14.1136
1966	-14.1136
1967	-14.1136
1968	-14.1136
1969	-14.1136
1970	-14.1136
1971	-14.1136
1972	-14.1136
1973	-14.1136
1974	-14.1136
1975	-14.1136
1976	-14.1136
1977	-14.1136
1978	-14.1136
1979	-14.1136
1980	-14.1136
1981	-14.1136
1982	-14.1136
1983	-14.1136
1984	-14.1136
1985	-14.1136
1986	-14.1136
1987	-14.1136
1988	-14.1136
1989	-14.1136
1990	-14.1136
1991	-14.1136
1992	-14.1136
1993	-14.1136
1994	-14.1136
1995	-14.1136
1996	-14.1136
1997	-14.1136
1998	-14.1136
1999	-14.1136
2000	-14.1136
