1	-17.8833
2	-2.46805
3	2.17854
4	2.84742
5	1.25677
6	-0.662546
7	-0.400893
8	-0.455374
9	-0.624821
10	0.316103
11	0.25275
12	0.0567836
13	0.0881243
14	0.225372
15	0.229267
16	-0.00721166
17	-0.0957351
18	0.113362
19	0.0839061
20	0.067558
21	0.0565589
22	0.0488594
23	-0.0282584
24	0.0529137
25	0.085173
26	0.0456835
27	-0.0700872
28	-0.0352115
29	0.0223738
30	0.0508576
31	0.105295
32	-0.0963252
33	0.104526
34	-0.0100528
35	0.0702225
36	-0.0815791
37	0.0910576
38	-0.0402178
39	0.0562154
40	-0.0644843
41	0.0743478
42	0.0725588
43	-0.0953629
44	0.0760155
45	0.0983304
46	-0.0504246
47	-0.0461731
48	0.0759243
49	0.0613805
50	-0.0859928
51	-0.0764535
52	0.0886017
53	0.0741831
54	0.0147498
55	-0.176742
56	0.00749673
57	0.105298
58	-0.00338583
59	-0.0427192
60	0.0189566
61	0.0391549
62	0.0123677
63	0.0231377
64	0.0279821
65	0.0291908
66	0.0304224
67	0.0312886
68	0.033236
69	0.0392476
70	0.0445156
71	0.044643
72	0.275796
73	0.0302863
74	-0.238281
75	0.0395736
76	0.218639
77	0.00334248
78	-0.205306
79	0.00127689
80	0.268923
81	0.191217
82	-0.172485
83	-0.141852
84	0.199481
85	0.210812
86	0.182855
87	-0.136022
88	-0.133162
89	0.0924063
90	0.128186
91	0.134961
92	-0.0287998
93	-0.130961
94	-0.179841
95	-0.0340258
96	0.126139
97	-0.186424
98	-0.112955
99	-0.137742
100	-0.141957
101	-0.118127
102	-0.138978
103	-0.127749
104	-0.136049
105	0.107705
106	0.0934692
107	-0.10891
108	0.0807825
109	-0.111675
110	0.0594015
111	0.0728223
112	0.0637081
113	0.0570428
114	-0.0578448
115	-0.0611152
116	-0.0643904
117	0.0554807
118	0.0596829
119	0.054926
120	0.0828431
121	-0.0702744
122	-0.0602875
123	-0.0790802
124	0.0553761
125	0.073219
126	0.0671417
127	-0.0304611
128	0.0818905
129	0.101457
130	-0.0720273
131	-0.0851471
132	0.106689
133	-0.0485269
134	0.0953767
135	-0.0636307
136	-0.0510363
137	-0.0289699
138	0.0464489
139	0.0563349
140	-0.108375
141	0.0532666
142	-0.100732
143	0.0698875
144	0.0605623
145	-0.048754
146	0.0316894
147	-0.067184
148	-0.0814724
149	0.0542972
150	0.0619036
151	-0.0574027
152	0.0784727
153	0.0713165
154	-0.059015
155	-0.0625124
156	0.0567574
157	-0.049975
158	0.0514712
159	-0.0533958
160	-0.0531095
161	-0.0587445
162	0.0830538
163	-0.0565109
164	-0.0527788
165	-0.0504724
166	-0.0462939
167	-0.039884
168	-0.0344644
169	-0.0320115
170	-0.0233246
171	-0.0310341
172	-0.0193794
173	-0.015751
174	-0.0128844
175	-0.0145627
176	-0.0113824
177	-0.0118488
178	-0.0147639
179	-0.0204982
180	-0.0312316
181	0.0263459
182	0.0182359
183	0.020252
184	0.0177806
185	0.0147401
186	0.0167242
187	0.011685
188	0.00965905
189	0.00879852
190	0.00745125
191	0.00630023
192	0.00707415
193	0.00647569
194	0.00669255
195	0.0063358
196	0.00586293
197	0.00543007
198	0.0052557
199	0.00544833
200	0.00600116
201	0.00664063
202	0.00696738
203	0.00690474
204	0.00650172
205	0.00598072
206	0.00552809
207	0.00534427
208	0.00551607
209	0.00607256
210	0.00677834
211	0.00733608
212	0.0075757
213	0.00753126
214	0.00733415
215	0.0071003
216	0.00697918
217	0.00704404
218	0.00721166
219	0.00740709
220	0.00756682
221	0.00766083
222	0.00771017
223	0.00772484
224	0.00771951
225	0.00774487
226	0.00780582
227	0.0079224
228	0.00809835
229	0.00822671
230	0.00840067
231	-0.0174921
232	0.00955486
233	0.0117572
234	0.0123205
235	0.0122499
236	-0.0173196
237	0.0120805
238	0.0128251
239	0.0138976
240	-0.0139817
241	-0.0146944
242	0.0124088
243	0.0131513
244	-0.0100361
245	-0.00914742
246	-0.00826152
247	-0.00724766
248	-0.00629571
249	-0.00536619
250	-0.00449431
251	-0.00375398
252	-0.00322388
253	-0.00287885
254	-0.00255245
255	-0.00381276
256	-0.00373454
257	-0.00407076
258	-0.00434057
259	-0.00487607
260	-0.00580766
261	-0.00718536
262	-0.00858152
263	0.00447826
264	-0.00901283
265	0.00501719
266	0.0034366
267	0.00418713
268	0.00360212
269	0.00301862
270	0.00266866
271	0.00342921
272	0.00255996
273	0.00223448
274	0.00316973
275	0.00214211
276	0.00189198
277	0.00286716
278	0.00183447
279	0.00166837
280	0.00154145
281	0.00148562
282	0.00145031
283	0.00142022
284	0.00138958
285	0.00209623
286	0.00139662
287	0.0020272
288	0.00200011
289	0.00200255
290	0.00196761
291	-0.00372121
292	0.00419228
293	-0.00388262
294	0.0018068
295	0.00221894
296	0.00243459
297	0.00254841
298	0.00413229
299	0.00273742
300	0.003527
301	-0.00238414
302	-0.00232451
303	-0.00200325
304	-0.00170521
305	0.00394399
306	-0.00207585
307	-0.00142904
308	-0.00122437
309	-0.00104126
310	-0.000908241
311	-0.000797146
312	-0.000706037
313	-0.000628818
314	-0.00116277
315	-0.00106544
316	-0.000993776
317	-0.000868629
318	-0.00076183
319	0.00207941
320	-0.0018847
321	-0.00211729
322	-0.00210051
323	-0.00151476
324	-0.00172527
325	-0.00189489
326	-0.00212229
327	0.00131829
328	0.00128126
329	0.00110955
330	-0.00220857
331	0.00128353
332	0.000893837
333	0.0012917
334	0.000712592
335	0.00102487
336	0.000561756
337	0.000850435
338	0.000452035
339	0.00072257
340	0.000380003
341	0.000629861
342	0.000631522
343	0.000598993
344	0.000572417
345	0.000531324
346	0.000496703
347	0.00045469
348	0.000425199
349	0.00039894
350	0.000388972
351	0.000383295
352	0.000590165
353	-0.000790258
354	8.25459e-05
355	-0.000995839
356	-0.000943298
357	-0.000963911
358	0.000751802
359	-0.000823162
360	-0.000596428
361	0.000800382
362	-0.000647336
363	-0.000352844
364	-0.000528113
365	-0.000352501
366	-0.000364496
367	-0.000424003
368	-0.000482965
369	0.000583928
370	-0.000381087
371	-0.000237138
372	-0.000402566
373	-0.00022216
374	-0.000174099
375	0.000122137
376	0.000462279
377	-0.000370992
378	-0.000420289
379	0.000286223
380	-0.00041728
381	-0.000248479
382	-0.000236098
383	0.000133934
384	0.000304362
385	-0.000521759
386	0.000338659
387	-0.000670141
388	0.00038938
389	0.000348299
390	0.000385868
391	0.0004004
392	0.000362303
393	0.000330389
394	0.000287849
395	0.000270858
396	0.000255003
397	0.00025263
398	0.000112495
399	0.000204603
400	-0.000232934
401	0.000229523
402	0.000118968
403	0.000156749
404	0.000138248
405	0.000185952
406	-0.000162361
407	-0.000305063
408	-0.00030945
409	0.000136035
410	0.000139828
411	0.000156492
412	0.000144764
413	0.000151654
414	0.000278312
415	0.000130616
416	-0.00013925
417	-0.000118424
418	-0.000219661
419	-0.000114601
420	0.000256728
421	0.000289209
422	-0.000201921
423	-0.000107842
424	-0.000103817
425	-0.00013697
426	3.86526e-05
427	-0.000115016
428	-0.000116561
429	-0.000124216
430	-0.000108033
431	-0.000116536
432	0.000105526
433	-0.000125713
434	0.000123768
435	-0.000109383
436	0.000136208
437	-0.000105001
438	0.000131645
439	-0.000106518
440	6.39369e-05
441	0.00014616
442	-0.000114522
443	6.80301e-05
444	8.99695e-05
445	8.32418e-05
446	9.74908e-05
447	9.49756e-05
448	0.000146977
449	0.00014531
450	0.00018742
451	0.000192476
452	0.000229125
453	0.000240875
454	0.000267032
455	0.000277794
456	0.000290134
457	-0.000106255
458	4.82439e-06
459	-9.82844e-06
460	2.3071e-06
461	-4.09032e-05
462	-3.83542e-05
463	-5.7987e-05
464	-5.43325e-05
465	-5.70406e-05
466	-5.02125e-05
467	-5.0971e-05
468	-4.16059e-05
469	-4.31226e-05
470	-2.68411e-05
471	-3.27404e-05
472	-1.87059e-05
473	-1.94232e-05
474	-2.02486e-06
475	-4.68388e-06
476	1.80955e-06
477	-2.4187e-06
478	-6.46744e-07
479	-7.05469e-06
480	-8.61139e-06
481	-1.95695e-05
482	-2.85645e-05
483	-4.20137e-05
484	-5.50154e-06
485	-1.48553e-05
486	-1.21801e-06
487	-8.62717e-06
488	-9.79185e-06
489	-1.05151e-05
490	-6.1718e-06
491	-6.87042e-06
492	-5.63412e-06
493	-1.08816e-05
494	-7.08343e-06
495	-1.06992e-05
496	-7.23595e-06
497	-7.42452e-06
498	-6.45714e-06
499	-1.02574e-05
500	-7.33595e-06
501	-8.34944e-06
502	-7.60783e-06
503	-8.69212e-06
504	-7.58343e-06
505	-7.64756e-06
506	-5.78761e-06
507	-1.25851e-05
508	-9.88006e-06
509	-7.71349e-06
510	-4.91434e-06
511	-2.23329e-06
512	8.32081e-07
513	4.34296e-06
514	7.80373e-06
515	1.16429e-05
516	1.55448e-05
517	9.36069e-06
518	1.93245e-05
519	1.05853e-05
520	1.47761e-05
521	1.17472e-05
522	1.57488e-05
523	1.29067e-05
524	1.63635e-05
525	1.35484e-05
526	1.6322e-05
527	1.41292e-05
528	1.66019e-05
529	1.45172e-05
530	1.6711e-05
531	1.48333e-05
532	1.6588e-05
533	1.52126e-05
534	1.56806e-05
535	1.46271e-05
536	1.45176e-05
537	1.35493e-05
538	1.3027e-05
539	1.17598e-05
540	1.12113e-05
541	1.01549e-05
542	8.89851e-06
543	7.9961e-06
544	7.45713e-06
545	7.28789e-06
546	5.3202e-06
547	5.33957e-06
548	3.40439e-06
549	3.61258e-06
550	1.51948e-06
551	1.55948e-06
552	-1.03587e-06
553	-1.36424e-06
554	-4.48357e-06
555	-4.71224e-06
556	-8.22058e-06
557	-8.85106e-06
558	-8.41167e-06
559	-9.44724e-06
560	-9.70434e-06
561	-1.06868e-05
562	-1.06512e-05
563	-1.14372e-05
564	-1.11264e-05
565	-1.17819e-05
566	-1.13322e-05
567	-1.16516e-05
568	-1.11283e-05
569	-1.10836e-05
570	-1.07265e-05
571	-1.04293e-05
572	-1.0139e-05
573	-9.73492e-06
574	-9.67034e-06
575	-9.09717e-06
576	-9.12666e-06
577	-8.44525e-06
578	-8.56952e-06
579	-7.86526e-06
580	-8.06895e-06
581	-7.47122e-06
582	-7.7453e-06
583	-6.99067e-06
584	-7.16018e-06
585	-7.37136e-06
586	-6.47268e-06
587	-6.18814e-06
588	-5.44284e-06
589	-4.74515e-06
590	-5.25029e-06
591	-3.43242e-06
592	-4.26939e-06
593	-2.17994e-06
594	-3.16378e-06
595	-1.22542e-06
596	-2.49887e-06
597	-9.06566e-07
598	-2.37644e-06
599	-7.96628e-07
600	-2.3366e-06
601	-8.22925e-07
602	-2.45096e-06
603	-9.68993e-07
604	-2.58799e-06
605	-1.16592e-06
606	-2.74302e-06
607	-9.34844e-07
608	-2.19133e-06
609	-8.13161e-07
610	-1.62637e-06
611	-2.86073e-07
612	-9.54054e-07
613	3.15994e-07
614	-3.2078e-07
615	7.36965e-07
616	1.97302e-07
617	9.89642e-07
618	2.89627e-07
619	1.04007e-06
620	1.88179e-07
621	9.46756e-07
622	9.14151e-09
623	9.2966e-07
624	1.48729e-07
625	1.22106e-06
626	5.55089e-07
627	1.91267e-06
628	1.74155e-06
629	2.84158e-06
630	2.23666e-06
631	3.4986e-06
632	2.85185e-06
633	3.92192e-06
634	3.02731e-06
635	3.95983e-06
636	2.9463e-06
637	3.69494e-06
638	2.49152e-06
639	3.15853e-06
640	2.16623e-06
641	2.29596e-06
642	9.24366e-07
643	1.2191e-06
644	-3.31049e-07
645	6.67401e-07
646	-1.41921e-06
647	9.18613e-09
648	-1.65025e-06
649	-2.144e-07
650	-1.93532e-06
651	-5.62453e-07
652	-2.11296e-06
653	-7.23361e-07
654	-2.15736e-06
655	-1.33745e-06
656	-2.66382e-06
657	-2.15263e-06
658	-3.4378e-06
659	-3.25652e-06
660	-4.31315e-06
661	-4.4499e-06
662	-5.35505e-06
663	-5.80591e-06
664	-6.2104e-06
665	-5.74308e-06
666	-6.60484e-06
667	-5.76019e-06
668	-6.35762e-06
669	-5.35757e-06
670	-6.01162e-06
671	-4.98149e-06
672	-5.66099e-06
673	-4.66794e-06
674	-5.55e-06
675	-4.61357e-06
676	-5.47509e-06
677	-4.49667e-06
678	-5.30928e-06
679	-4.27904e-06
680	-5.12312e-06
681	-4.1756e-06
682	-5.03826e-06
683	-3.92863e-06
684	-4.66208e-06
685	-3.46621e-06
686	-4.11069e-06
687	-2.86422e-06
688	-3.1095e-06
689	-1.56169e-06
690	-2.09407e-06
691	-5.03568e-07
692	-1.02718e-06
693	4.44011e-07
694	-3.66824e-07
695	9.00308e-07
696	9.05989e-08
697	1.01324e-06
698	-1.51369e-08
699	7.51088e-07
700	-6.1635e-07
701	1.59307e-07
702	-1.38124e-06
703	-3.9713e-07
704	-1.87274e-06
705	-3.88769e-07
706	-1.5702e-06
707	-2.1361e-07
708	-1.18638e-06
709	3.86162e-07
710	-6.14157e-07
711	8.8249e-07
712	-3.87646e-08
713	1.34855e-06
714	3.76509e-07
715	2.96246e-06
716	5.59155e-07
717	1.49197e-06
718	4.45969e-07
719	1.28266e-06
720	8.95442e-08
721	9.52424e-07
722	-5.25526e-07
723	4.5978e-07
724	-8.73851e-07
725	2.85266e-07
726	-1.08605e-06
727	4.04913e-07
728	-1.00399e-06
729	8.50613e-07
730	-5.82931e-07
731	8.66101e-07
732	-1.45681e-07
733	1.21349e-06
734	1.30486e-07
735	1.25002e-06
736	1.03266e-07
737	1.00196e-06
738	-3.73199e-07
739	6.08875e-07
740	-9.23998e-07
741	4.56622e-07
742	-1.22379e-06
743	-5.63856e-08
744	-1.52097e-06
745	-4.61179e-07
746	-1.74043e-06
747	-4.57093e-07
748	-1.53752e-06
749	-1.95483e-07
750	-1.34304e-06
751	1.39816e-07
752	-9.56336e-07
753	2.95736e-07
754	-7.90303e-07
755	3.80338e-07
756	-9.94784e-07
757	2.12719e-07
758	-1.08802e-06
759	-1.0087e-07
760	-1.40483e-06
761	-3.81217e-07
762	-1.88619e-06
763	-8.58917e-07
764	-2.09632e-06
765	-1.06795e-06
766	-2.08906e-06
767	-7.26752e-07
768	-1.59268e-06
769	-1.05496e-07
770	-1.14964e-06
771	4.42757e-07
772	-6.28473e-07
773	6.63886e-07
774	-4.18796e-07
775	7.50733e-07
776	-5.91773e-07
777	5.12122e-07
778	-1.00687e-06
779	1.31169e-07
780	-1.17776e-06
781	-2.99e-07
782	-1.68058e-06
783	-6.68292e-07
784	-2.00313e-06
785	-1.08003e-06
786	-2.16024e-06
787	-8.88413e-07
788	-1.67557e-06
789	-1.91641e-07
790	-1.12881e-06
791	5.34815e-07
792	-4.43667e-07
793	9.30446e-07
794	-9.09822e-08
795	1.18652e-06
796	1.41535e-07
797	1.37988e-06
798	2.02576e-07
799	1.28219e-06
800	-4.33557e-08
801	7.71542e-07
802	-7.16876e-07
803	1.40234e-07
804	-1.19053e-06
805	-8.14431e-08
806	-1.34543e-06
807	8.65435e-08
808	-9.96939e-07
809	5.08062e-07
810	-7.49021e-07
811	5.01443e-07
812	-5.2199e-07
813	6.3179e-07
814	-5.41036e-07
815	6.24786e-07
816	-7.22606e-07
817	5.38147e-07
818	-6.87676e-07
819	3.50929e-07
820	-9.23642e-07
821	-5.33889e-08
822	-1.49845e-06
823	-5.13002e-07
824	-1.90548e-06
825	-9.50645e-07
826	-2.02391e-06
827	-6.7297e-07
828	-1.46471e-06
829	1.16757e-07
830	-8.32651e-07
831	6.21654e-07
832	-2.46513e-07
833	1.01302e-06
834	-1.26506e-06
835	2.54708e-06
836	-1.45115e-07
837	1.18003e-06
838	-3.85273e-07
839	5.72423e-07
840	-6.19304e-07
841	3.7269e-07
842	-9.54744e-07
843	5.96405e-08
844	-1.07472e-06
845	2.89401e-07
846	-9.018e-07
847	4.88271e-07
848	-3.37546e-07
849	1.03825e-06
850	2.54192e-08
851	1.47692e-06
852	4.95467e-07
853	1.84844e-06
854	7.45229e-07
855	3.33547e-06
856	6.19932e-07
857	1.40413e-06
858	-4.71338e-08
859	7.88991e-07
860	-4.9618e-07
861	5.18154e-07
862	-1.14246e-06
863	-2.06611e-07
864	-1.56888e-06
865	-5.96866e-07
866	-1.66342e-06
867	-2.71508e-07
868	-1.12042e-06
869	4.61738e-07
870	-5.88492e-07
871	1.08457e-06
872	-3.80007e-07
873	1.13499e-06
874	-7.23004e-08
875	1.2159e-06
876	2.86487e-08
877	1.12129e-06
878	-2.11177e-07
879	9.37734e-07
880	-3.32026e-07
881	5.12783e-07
882	-9.37317e-07
883	1.43799e-07
884	-1.35485e-06
885	-3.67695e-07
886	-1.66522e-06
887	-4.19417e-07
888	-1.36141e-06
889	1.11526e-07
890	-9.19075e-07
891	6.85474e-07
892	-4.17607e-07
893	8.28215e-07
894	-6.1924e-07
895	7.15922e-07
896	-7.23857e-07
897	5.25933e-07
898	-6.94813e-07
899	3.9619e-07
900	-7.90148e-07
901	4.55132e-07
902	-1.09742e-06
903	1.26566e-07
904	-1.19134e-06
905	1.27e-07
906	-9.94279e-07
907	4.09186e-07
908	-3.87487e-07
909	1.04755e-06
910	2.52447e-08
911	1.56138e-06
912	5.9264e-07
913	1.97951e-06
914	9.80976e-07
915	2.07946e-06
916	1.03578e-06
917	1.88289e-06
918	6.33565e-07
919	1.51679e-06
920	2.07526e-08
921	9.44756e-07
922	-5.13126e-07
923	3.87165e-07
924	-9.50105e-07
925	1.86835e-07
926	-1.1473e-06
927	2.55751e-07
928	-8.71383e-07
929	6.07592e-07
930	-6.66999e-07
931	8.80591e-07
932	-3.15514e-07
933	9.70373e-07
934	-1.49e-07
935	1.02498e-06
936	-2.98249e-07
937	7.99188e-07
938	-6.01846e-07
939	2.35834e-07
940	-1.22318e-06
941	-3.6826e-07
942	-1.90933e-06
943	-1.04002e-06
944	-2.22083e-06
945	-1.36208e-06
946	-2.3146e-06
947	-1.14728e-06
948	-1.88193e-06
949	-5.16933e-07
950	-1.42743e-06
951	3.21636e-08
952	-9.70526e-07
953	3.07841e-07
954	-7.95525e-07
955	4.09381e-07
956	-9.5693e-07
957	3.82225e-07
958	-7.99228e-07
959	2.66656e-07
960	-1.00658e-06
961	-1.36939e-07
962	-1.53354e-06
963	-5.04575e-07
964	-1.80013e-06
965	-7.23685e-07
966	-1.70642e-06
967	-1.42406e-07
968	-9.04409e-07
969	6.54374e-07
970	-1.13611e-07
971	1.38435e-06
972	4.60589e-07
973	1.86589e-06
974	-1.70107e-07
975	3.74947e-06
976	1.36734e-06
977	2.43648e-06
978	1.19563e-06
979	1.81746e-06
980	5.15432e-07
981	1.39243e-06
982	-2.10634e-07
983	8.05747e-07
984	-7.36907e-07
985	8.03906e-07
986	-5.97132e-07
987	7.22538e-07
988	-3.96355e-07
989	1.09359e-06
990	8.41898e-08
991	1.41528e-06
992	5.21344e-07
993	1.76224e-06
994	6.07634e-07
995	3.21664e-06
996	5.27492e-07
997	1.42222e-06
998	1.2746e-08
999	9.5317e-07
1000	-2.41358e-07
1001	8.99395e-07
1002	-8.25892e-07
1003	1.32262e-07
1004	-1.3886e-06
1005	-5.05124e-07
1006	-1.66405e-06
1007	-3.83996e-07
1008	-1.18408e-06
1009	3.61444e-07
1010	-5.85129e-07
1011	1.08794e-06
1012	-3.96315e-07
1013	1.09922e-06
1014	-2.55014e-07
1015	1.03724e-06
1016	-2.33258e-07
1017	9.53357e-07
1018	-3.99036e-07
1019	8.29031e-07
1020	-4.10172e-07
1021	4.94875e-07
1022	-8.80679e-07
1023	2.00219e-07
1024	-1.14557e-06
1025	2.50755e-08
1026	-1.22794e-06
1027	2.08116e-07
1028	-9.35459e-07
1029	3.20355e-07
1030	-7.66704e-07
1031	7.24628e-07
1032	-4.56425e-07
1033	8.03212e-07
1034	-5.43044e-07
1035	8.87325e-07
1036	-4.34705e-07
1037	8.08846e-07
1038	-6.10792e-07
1039	6.58262e-07
1040	-5.46117e-07
1041	4.115e-07
1042	-9.25523e-07
1043	2.60259e-07
1044	-1.2284e-06
1045	-1.23403e-07
1046	-1.39556e-06
1047	5.79575e-08
1048	-8.80396e-07
1049	5.63613e-07
1050	-2.95331e-07
1051	1.08581e-06
1052	5.7533e-08
1053	1.32133e-06
1054	-1.74673e-08
1055	1.20993e-06
1056	-8.27661e-08
1057	1.02834e-06
1058	-4.11435e-07
1059	7.48869e-07
1060	-5.44146e-07
1061	6.10603e-07
1062	-1.12334e-06
1063	-1.24975e-07
1064	-1.61407e-06
1065	-7.2859e-07
1066	-1.87891e-06
1067	-6.19699e-07
1068	-1.40336e-06
1069	1.59024e-07
1070	-7.44502e-07
1071	9.91979e-07
1072	-6.22931e-08
1073	1.26855e-06
1074	5.2529e-08
1075	1.38139e-06
1076	1.79859e-07
1077	1.30589e-06
1078	-7.13914e-08
1079	1.04686e-06
1080	-2.85275e-07
1081	5.16891e-07
1082	-9.72543e-07
1083	3.19762e-08
1084	-1.45873e-06
1085	-5.08698e-07
1086	-1.7215e-06
1087	-3.92654e-07
1088	-1.23957e-06
1089	3.89169e-07
1090	-6.51129e-07
1091	8.01909e-07
1092	-5.17628e-08
1093	1.22094e-06
1094	-7.36402e-08
1095	1.07462e-06
1096	-3.54649e-07
1097	6.59758e-07
1098	-7.02631e-07
1099	2.44583e-07
1100	-1.07908e-06
1101	-2.35411e-07
1102	-1.65964e-06
1103	-6.88736e-07
1104	-1.99432e-06
1105	-1.038e-06
1106	-2.0994e-06
1107	-8.31809e-07
1108	-1.62773e-06
1109	-1.3079e-07
1110	-1.01623e-06
1111	4.72656e-07
1112	-2.67646e-07
1113	1.18811e-06
1114	-9.22359e-07
1115	3.19211e-06
1116	8.78329e-07
1117	2.05281e-06
1118	6.86302e-07
1119	1.45062e-06
1120	9.25459e-08
1121	1.12645e-06
1122	-5.04568e-07
1123	5.63393e-07
1124	-8.25043e-07
1125	2.91674e-07
1126	-1.09321e-06
1127	2.01388e-07
1128	-6.24575e-07
1129	8.72423e-07
1130	9.25724e-08
1131	1.59835e-06
1132	7.16603e-07
1133	2.04845e-06
1134	9.59618e-07
1135	3.53393e-06
1136	9.583e-07
1137	1.931e-06
1138	7.59453e-07
1139	1.55295e-06
1140	1.30673e-07
1141	1.01959e-06
1142	-6.73454e-07
1143	3.84919e-07
1144	-9.87952e-07
1145	4.90577e-08
1146	-1.21294e-06
1147	2.16722e-07
1148	-7.70728e-07
1149	7.8239e-07
1150	-4.3477e-07
1151	1.10883e-06
1152	-5.48405e-07
1153	8.04755e-07
1154	-5.33656e-07
1155	4.56375e-07
1156	-1.09922e-06
1157	4.56467e-07
1158	-9.8993e-07
1159	3.71207e-07
1160	-1.01097e-06
1161	1.76354e-07
1162	-1.3301e-06
1163	-1.97794e-07
1164	-1.44372e-06
1165	-2.49047e-07
1166	-1.29784e-06
1167	2.53997e-07
1168	-6.75325e-07
1169	7.87272e-07
1170	-3.25649e-07
1171	1.21477e-06
1172	4.43693e-08
1173	1.4216e-06
1174	1.60089e-07
1175	1.39043e-06
1176	1.5966e-07
1177	1.19652e-06
1178	-2.34667e-07
1179	8.03866e-07
1180	-6.07135e-07
1181	1.52883e-07
1182	-1.3599e-06
1183	-4.05772e-07
1184	-1.85166e-06
1185	-8.98368e-07
1186	-1.97485e-06
1187	-6.31542e-07
1188	-1.44798e-06
1189	1.10373e-07
1190	-8.08014e-07
1191	6.86782e-07
1192	-7.49909e-08
1193	1.32987e-06
1194	2.59495e-07
1195	1.68417e-06
1196	7.01188e-07
1197	1.82042e-06
1198	6.69905e-07
1199	1.699e-06
1200	3.00964e-07
1201	1.21224e-06
1202	-2.89093e-07
1203	5.34876e-07
1204	-8.34013e-07
1205	2.88205e-07
1206	-1.03664e-06
1207	4.93875e-07
1208	-5.26806e-07
1209	8.8356e-07
1210	-2.98059e-08
1211	1.32536e-06
1212	2.17769e-07
1213	1.55691e-06
1214	2.81178e-07
1215	1.44111e-06
1216	1.77841e-07
1217	1.18758e-06
1218	-2.918e-07
1219	7.31781e-07
1220	-7.26894e-07
1221	2.2222e-07
1222	-1.55407e-06
1223	-6.61696e-07
1224	-2.00234e-06
1225	-1.07835e-06
1226	-2.09658e-06
1227	-8.2766e-07
1228	-1.68388e-06
1229	-3.31986e-07
1230	-1.3543e-06
1231	1.23418e-07
1232	-8.70338e-07
1233	4.38476e-07
1234	-6.37273e-07
1235	5.66292e-07
1236	-8.61442e-07
1237	2.98597e-07
1238	-1.09053e-06
1239	-1.89601e-07
1240	-1.52717e-06
1241	-5.91661e-07
1242	-2.00674e-06
1243	-1.02632e-06
1244	-2.16053e-06
1245	-1.16041e-06
1246	-2.08476e-06
1247	-7.06413e-07
1248	-1.45231e-06
1249	9.6476e-08
1250	-8.41275e-07
1251	6.53551e-07
1252	-1.10175e-07
1253	1.27143e-06
1254	1.45829e-07
1255	2.7102e-06
1256	5.32143e-07
1257	1.82229e-06
1258	8.17515e-07
1259	1.74626e-06
1260	5.45892e-07
1261	1.45647e-06
1262	4.27873e-08
1263	1.04064e-06
1264	-5.32255e-07
1265	6.39823e-07
1266	-5.40773e-07
1267	7.24343e-07
1268	-2.7296e-07
1269	1.27495e-06
1270	2.86949e-07
1271	1.61177e-06
1272	6.11293e-07
1273	1.80368e-06
1274	6.0377e-07
1275	1.66154e-06
1276	5.23234e-07
1277	1.55754e-06
1278	3.17271e-07
1279	1.3728e-06
1280	-1.26001e-07
1281	8.88958e-07
1282	-5.74654e-07
1283	4.26822e-07
1284	-1.03604e-06
1285	3.31731e-08
1286	-1.20711e-06
1287	2.29385e-07
1288	-8.02297e-07
1289	7.56836e-07
1290	-4.23599e-07
1291	8.68236e-07
1292	-1.28513e-07
1293	1.02537e-06
1294	-3.9213e-07
1295	9.41003e-07
1296	-3.98965e-07
1297	8.03959e-07
1298	-4.35933e-07
1299	5.54425e-07
1300	-8.07212e-07
1301	1.7251e-07
1302	-1.51286e-06
1303	-5.51864e-07
1304	-1.87216e-06
1305	-8.8738e-07
1306	-1.93812e-06
1307	-6.18138e-07
1308	-1.48836e-06
1309	-4.88717e-08
1310	-1.0735e-06
1311	4.87993e-07
1312	-5.37295e-07
1313	8.00986e-07
1314	-4.73951e-07
1315	1.01918e-06
1316	-1.93782e-07
1317	1.0578e-06
1318	-2.87424e-07
1319	8.81713e-07
1320	-4.24575e-07
1321	7.44674e-07
1322	-1.0435e-06
1323	-9.81072e-10
1324	-1.51615e-06
1325	-5.5969e-07
1326	-1.74336e-06
1327	-3.82772e-07
1328	-1.2058e-06
1329	4.55959e-07
1330	-4.93959e-07
1331	9.81934e-07
1332	1.34942e-07
1333	1.40381e-06
1334	1.8485e-07
1335	1.40828e-06
1336	1.93362e-07
1337	1.25644e-06
1338	-1.22895e-07
1339	9.9609e-07
1340	-3.13143e-07
1341	5.07233e-07
1342	-9.86259e-07
1343	-8.15126e-09
1344	-1.54922e-06
1345	-6.73887e-07
1346	-1.87458e-06
1347	-6.20508e-07
1348	-1.43052e-06
1349	1.44238e-07
1350	-7.81519e-07
1351	7.11221e-07
1352	-9.57345e-08
1353	1.22202e-06
1354	-9.35361e-09
1355	1.22446e-06
1356	-1.14721e-07
1357	9.04673e-07
1358	-6.59388e-07
1359	4.7844e-07
1360	-8.59134e-07
1361	2.96531e-09
1362	-1.40364e-06
1363	-3.82224e-07
1364	-1.71907e-06
1365	-7.32663e-07
1366	-1.8291e-06
1367	-4.78862e-07
1368	-1.31803e-06
1369	2.54428e-07
1370	-7.10238e-07
1371	7.78595e-07
1372	7.1966e-10
1373	1.39389e-06
1374	3.5878e-07
1375	3.16512e-06
1376	8.13117e-07
1377	1.97695e-06
1378	1.04888e-06
1379	1.86528e-06
1380	6.77388e-07
1381	1.47177e-06
1382	-5.43907e-08
1383	8.70418e-07
1384	-8.13163e-07
1385	5.59954e-07
1386	-7.96871e-07
1387	7.12754e-07
1388	-6.98792e-07
1389	1.26293e-06
1390	-1.86743e-07
1391	1.24296e-06
1392	1.12295e-07
1393	1.35819e-06
1394	2.78647e-08
1395	1.16104e-06
1396	-1.43499e-07
1397	9.20948e-07
1398	-5.45664e-07
1399	6.33258e-07
1400	-5.95144e-07
1401	6.761e-07
1402	-8.89621e-07
1403	4.11197e-07
1404	-8.80033e-07
1405	4.83965e-07
1406	-7.16549e-07
1407	5.76e-07
1408	-3.63777e-07
1409	8.83174e-07
1410	-1.8553e-07
1411	9.88863e-07
1412	-1.05672e-07
1413	9.93674e-07
1414	-4.83748e-07
1415	8.5971e-07
1416	-5.20882e-07
1417	7.07093e-07
1418	-5.29511e-07
1419	4.8998e-07
1420	-8.20844e-07
1421	2.3026e-07
1422	-1.41622e-06
1423	-4.47664e-07
1424	-1.82201e-06
1425	-8.7981e-07
1426	-1.93854e-06
1427	-6.08842e-07
1428	-1.39405e-06
1429	1.99361e-07
1430	-7.29791e-07
1431	7.30797e-07
1432	-1.04802e-07
1433	1.20007e-06
1434	-4.40781e-08
1435	1.21581e-06
1436	-1.04196e-07
1437	9.65005e-07
1438	-5.12979e-07
1439	6.33684e-07
1440	-6.90346e-07
1441	4.73298e-07
1442	-1.17175e-06
1443	-7.09799e-08
1444	-1.49767e-06
1445	-4.58894e-07
1446	-1.63011e-06
1447	-2.48838e-07
1448	-1.15798e-06
1449	4.28026e-07
1450	-5.55482e-07
1451	9.48313e-07
1452	2.09915e-07
1453	1.63643e-06
1454	6.6694e-07
1455	1.93983e-06
1456	9.31194e-07
1457	1.80616e-06
1458	4.60897e-07
1459	1.30325e-06
1460	-1.48634e-07
1461	5.66102e-07
1462	-9.74252e-07
1463	-1.2346e-07
1464	-1.47355e-06
1465	-4.46108e-07
1466	-1.63547e-06
1467	-2.4639e-07
1468	-1.18258e-06
1469	3.96364e-07
1470	-6.99053e-07
1471	7.24525e-07
1472	-1.58868e-07
1473	1.13859e-06
1474	-8.36126e-08
1475	1.28189e-06
1476	8.41931e-08
1477	1.22789e-06
1478	-1.50307e-07
1479	9.62255e-07
1480	-3.95061e-07
1481	3.90256e-07
1482	-1.10005e-06
1483	-4.96219e-08
1484	-1.48986e-06
1485	-4.63475e-07
1486	-1.69302e-06
1487	-3.50709e-07
1488	-1.29937e-06
1489	2.00128e-07
1490	-8.89115e-07
1491	5.17614e-07
1492	-2.97654e-07
1493	1.06076e-06
1494	-1.08808e-06
1495	2.76603e-06
1496	1.16361e-07
1497	1.41127e-06
1498	-1.05502e-07
1499	8.19825e-07
1500	-4.39547e-07
1501	5.06922e-07
1502	-1.20436e-06
1503	1.2156e-07
1504	-1.0995e-06
1505	1.1122e-07
1506	-1.05991e-06
1507	3.25101e-07
1508	-4.90782e-07
1509	9.70313e-07
1510	1.31938e-07
1511	1.59154e-06
1512	7.14637e-07
1513	2.13262e-06
1514	1.21033e-06
1515	2.33476e-06
1516	1.39062e-06
1517	2.22329e-06
1518	1.02927e-06
1519	1.83383e-06
1520	3.30566e-07
1521	1.11452e-06
1522	-4.68784e-07
1523	3.13712e-07
1524	-1.09093e-06
1525	-5.45826e-08
1526	-1.3694e-06
1527	2.05074e-08
1528	-1.02585e-06
1529	5.22101e-07
1530	-6.5269e-07
1531	6.96905e-07
1532	-2.46446e-07
1533	9.86521e-07
1534	-1.4142e-07
1535	1.05581e-06
1536	-2.11606e-07
1537	9.53882e-07
1538	-5.13521e-07
1539	6.61835e-07
1540	-6.74869e-07
1541	1.46956e-07
1542	-1.3327e-06
1543	-3.90842e-07
1544	-1.81622e-06
1545	-9.0838e-07
1546	-2.01325e-06
1547	-7.54532e-07
1548	-1.60816e-06
1549	-1.88073e-07
1550	-1.18173e-06
1551	3.63692e-07
1552	-7.13622e-07
1553	4.98239e-07
1554	-6.95094e-07
1555	1.67686e-06
1556	-1.26129e-06
1557	1.25295e-07
1558	-1.45979e-06
1559	1.69827e-07
1560	-1.00116e-06
1561	1.83106e-07
1562	-1.1418e-06
1563	-6.45472e-08
1564	-1.3583e-06
1565	-3.05263e-07
1566	-1.45263e-06
1567	-6.32025e-08
1568	-1.42248e-06
1569	6.502e-07
1570	-4.01927e-07
1571	1.35798e-06
1572	-9.55508e-08
1573	1.3794e-06
1574	2.15316e-07
1575	1.4859e-06
1576	4.01698e-07
1577	1.52367e-06
1578	3.71664e-07
1579	1.51027e-06
1580	1.73381e-07
1581	1.23501e-06
1582	-2.97587e-07
1583	8.55803e-07
1584	-3.86785e-07
1585	6.81458e-07
1586	-4.5996e-07
1587	7.94914e-07
1588	-4.34937e-07
1589	9.72811e-07
1590	-4.03065e-07
1591	9.82596e-07
1592	-3.49031e-07
1593	1.06233e-06
1594	-2.99549e-07
1595	1.05316e-06
1596	-2.13196e-07
1597	9.49098e-07
1598	-4.89634e-07
1599	6.54541e-07
1600	-7.03882e-07
1601	3.56501e-07
1602	-1.39105e-06
1603	-4.6099e-07
1604	-1.8768e-06
1605	-9.85569e-07
1606	-2.04752e-06
1607	-7.73323e-07
1608	-1.569e-06
1609	-9.00091e-08
1610	-1.01935e-06
1611	6.20335e-07
1612	-4.45516e-07
1613	8.14565e-07
1614	-5.9559e-07
1615	7.67756e-07
1616	-6.55321e-07
1617	5.40188e-07
1618	-8.09164e-07
1619	1.83094e-07
1620	-1.09778e-06
1621	-3.00507e-08
1622	-1.52218e-06
1623	-4.18564e-07
1624	-1.57667e-06
1625	-2.94575e-07
1626	-1.24667e-06
1627	4.0974e-07
1628	-5.11997e-07
1629	9.44679e-07
1630	7.23577e-08
1631	1.45475e-06
1632	4.39008e-07
1633	1.84054e-06
1634	7.74005e-07
1635	1.96488e-06
1636	9.4239e-07
1637	1.88398e-06
1638	6.50952e-07
1639	1.55033e-06
1640	1.52655e-07
1641	8.88228e-07
1642	-6.65343e-07
1643	1.3561e-07
1644	-1.26878e-06
1645	-2.65491e-07
1646	-1.5194e-06
1647	-1.42095e-07
1648	-1.11391e-06
1649	4.53981e-07
1650	-6.60789e-07
1651	7.28827e-07
1652	-1.5069e-07
1653	1.12705e-06
1654	-1.06976e-07
1655	1.22436e-06
1656	-1.08533e-08
1657	1.10228e-06
1658	-3.1485e-07
1659	8.16138e-07
1660	-5.22802e-07
1661	2.70091e-07
1662	-1.23367e-06
1663	-2.71071e-07
1664	-1.74862e-06
1665	-8.76446e-07
1666	-2.08824e-06
1667	-8.93725e-07
1668	-1.6962e-06
1669	-2.02134e-07
1670	-1.08576e-06
1671	3.79473e-07
1672	-4.27868e-07
1673	8.88706e-07
1674	-1.40578e-06
1675	2.33832e-06
1676	-4.18842e-07
1677	1.03859e-06
1678	-4.68389e-07
1679	6.20275e-07
1680	-5.40239e-07
1681	4.94511e-07
1682	-1.13367e-06
1683	2.55735e-07
1684	-8.58906e-07
1685	5.72961e-07
1686	-5.87721e-07
1687	8.10256e-07
1688	-2.20076e-07
1689	1.32355e-06
1690	3.24779e-07
1691	1.78553e-06
1692	8.65954e-07
1693	2.14677e-06
1694	1.09705e-06
1695	3.72748e-06
1696	9.5842e-07
1697	1.64636e-06
1698	2.73848e-07
1699	1.01639e-06
1700	-5.85855e-07
1701	7.031e-07
1702	-1.07487e-06
1703	-1.44662e-07
1704	-1.55156e-06
1705	-6.17893e-07
1706	-1.68347e-06
1707	-3.34448e-07
1708	-1.16455e-06
1709	3.58886e-07
1710	-6.68836e-07
1711	9.34545e-07
1712	-2.19491e-07
1713	1.02494e-06
1714	-2.29381e-07
1715	1.10839e-06
1716	-9.53024e-08
1717	1.08399e-06
1718	-2.27314e-07
1719	9.81467e-07
1720	-2.50779e-07
1721	6.35196e-07
1722	-7.9478e-07
1723	1.99055e-07
1724	-1.29796e-06
1725	-3.7955e-07
1726	-1.68084e-06
1727	-4.60221e-07
1728	-1.40963e-06
1729	9.37571e-09
1730	-1.02804e-06
1731	5.21338e-07
1732	-5.9938e-07
1733	6.06457e-07
1734	-9.08366e-07
1735	4.81197e-07
1736	-1.01603e-06
1737	2.50341e-07
1738	-1.00453e-06
1739	2.51629e-07
1740	-1.14427e-06
1741	-4.53452e-08
1742	-1.45768e-06
1743	-2.97037e-07
1744	-1.44254e-06
1745	-1.65186e-07
1746	-1.14795e-06
1747	3.3624e-07
1748	-4.04274e-07
1749	1.04402e-06
1750	9.54262e-10
1751	1.55167e-06
1752	5.80054e-07
1753	1.95952e-06
1754	9.33972e-07
1755	2.07977e-06
1756	1.10944e-06
1757	1.99492e-06
1758	7.91165e-07
1759	1.63962e-06
1760	1.35478e-07
1761	9.58257e-07
1762	-6.00132e-07
1763	2.11052e-07
1764	-1.16913e-06
1765	-1.0806e-07
1766	-1.34758e-06
1767	1.09214e-07
1768	-8.52721e-07
1769	8.19859e-07
1770	-3.03134e-07
1771	1.11498e-06
1772	5.10069e-08
1773	1.55922e-06
1774	4.33071e-07
1775	1.67462e-06
1776	5.17771e-07
1777	1.48436e-06
1778	8.29314e-08
1779	1.05995e-06
1780	-3.64036e-07
1781	3.25732e-07
1782	-1.28174e-06
1783	-4.52058e-07
1784	-1.98793e-06
1785	-1.28067e-06
1786	-2.4742e-06
1787	-1.46189e-06
1788	-2.2029e-06
1789	-9.00296e-07
1790	-1.69546e-06
1791	-2.06166e-07
1792	-1.09688e-06
1793	1.98322e-07
1794	-9.39547e-07
1795	2.24568e-07
1796	-9.41416e-07
1797	1.62995e-07
1798	-1.01344e-06
1799	6.91642e-08
1800	-1.13431e-06
1801	-1.75002e-07
1802	-1.50068e-06
1803	-3.81759e-07
1804	-1.56436e-06
1805	-2.74134e-07
1806	-1.25094e-06
1807	1.98364e-07
1808	-5.96081e-07
1809	8.24026e-07
1810	-7.55745e-08
1811	1.30114e-06
1812	4.15413e-07
1813	1.69494e-06
1814	6.21295e-07
1815	3.27469e-06
1816	6.82517e-07
1817	1.6712e-06
1818	5.95099e-07
1819	1.50015e-06
1820	2.18464e-07
1821	1.08629e-06
1822	-5.23261e-07
1823	4.80361e-07
1824	-8.90015e-07
1825	1.2292e-07
1826	-1.22109e-06
1827	1.43894e-07
1828	-8.1588e-07
1829	8.28702e-07
1830	-2.01475e-07
1831	1.20705e-06
1832	2.683e-07
1833	1.7291e-06
1834	6.49458e-07
1835	1.80656e-06
1836	7.06166e-07
1837	1.66839e-06
1838	3.65791e-07
1839	1.39736e-06
1840	1.29166e-07
1841	1.01878e-06
1842	-3.80255e-07
1843	5.7082e-07
1844	-7.02793e-07
1845	4.97429e-07
1846	-8.48077e-07
1847	3.46563e-07
1848	-6.61037e-07
1849	5.83407e-07
1850	-5.37217e-07
1851	6.61758e-07
1852	-4.23804e-07
1853	7.1128e-07
1854	-7.80416e-07
1855	6.66933e-07
1856	-7.02825e-07
1857	6.10624e-07
1858	-5.81514e-07
1859	4.75003e-07
1860	-8.19842e-07
1861	2.60369e-07
1862	-1.40797e-06
1863	-4.11386e-07
1864	-1.7938e-06
1865	-8.26277e-07
1866	-1.8821e-06
1867	-4.81641e-07
1868	-1.25736e-06
1869	3.95006e-07
1870	-5.66483e-07
1871	8.79947e-07
1872	2.16542e-08
1873	1.30832e-06
1874	7.34267e-08
1875	1.31546e-06
1876	2.82492e-08
1877	1.07277e-06
1878	-3.97609e-07
1879	7.11539e-07
1880	-6.09306e-07
1881	5.84211e-07
1882	-1.05313e-06
1883	1.51967e-07
1884	-1.21923e-06
1885	3.42416e-10
1886	-1.22529e-06
1887	2.20963e-07
1888	-8.94742e-07
1889	5.81479e-07
1890	-6.26303e-07
1891	6.96077e-07
1892	-1.98158e-07
1893	1.08945e-06
1894	-1.59886e-07
1895	1.13484e-06
1896	-2.2797e-07
1897	7.92148e-07
1898	-6.12551e-07
1899	2.69137e-07
1900	-1.11679e-06
1901	-1.32896e-07
1902	-1.63948e-06
1903	-6.15176e-07
1904	-1.81697e-06
1905	-7.6671e-07
1906	-1.74193e-06
1907	-3.24979e-07
1908	-1.14181e-06
1909	4.36275e-07
1910	-5.81166e-07
1911	8.502e-07
1912	2.10808e-08
1913	1.36727e-06
1914	2.67945e-07
1915	1.61281e-06
1916	5.72679e-07
1917	1.60874e-06
1918	3.6238e-07
1919	1.33164e-06
1920	-3.37259e-08
1921	7.61898e-07
1922	-7.5505e-07
1923	7.14049e-08
1924	-1.28482e-06
1925	-2.04534e-07
1926	-1.42359e-06
1927	-5.62381e-08
1928	-8.37064e-07
1929	6.13217e-07
1930	-2.59787e-07
1931	1.15252e-06
1932	2.74125e-07
1933	1.53119e-06
1934	-6.11767e-07
1935	3.20591e-06
1936	5.63202e-07
1937	1.67121e-06
1938	1.55685e-07
1939	1.03408e-06
1940	-1.86217e-07
1941	7.50323e-07
1942	-9.48278e-07
1943	2.37451e-07
1944	-1.08133e-06
1945	1.80773e-08
1946	-1.25933e-06
1947	2.21479e-07
1948	-7.30624e-07
1949	7.35003e-07
1950	-1.02969e-07
1951	1.33514e-06
1952	4.64638e-07
1953	1.69786e-06
1954	5.06035e-07
1955	3.15824e-06
1956	5.23121e-07
1957	1.5493e-06
1958	2.95154e-07
1959	1.15682e-06
1960	-4.03426e-07
1961	4.86682e-07
1962	-9.99072e-07
1963	-1.47278e-07
1964	-1.57035e-06
1965	-6.71531e-07
1966	-1.76351e-06
1967	-4.88812e-07
1968	-1.34277e-06
1969	9.56394e-08
1970	-9.19083e-07
1971	6.29872e-07
1972	-4.70461e-07
1973	7.90668e-07
1974	-4.3444e-07
1975	8.81248e-07
1976	-4.08253e-07
1977	8.01433e-07
1978	-6.01507e-07
1979	6.97662e-07
1980	-4.56987e-07
1981	5.56148e-07
1982	-7.04599e-07
1983	4.74711e-07
1984	-8.56099e-07
1985	3.70378e-07
1986	-9.21032e-07
1987	3.69038e-07
1988	-5.43914e-07
1989	7.99862e-07
1990	-4.30652e-07
1991	1.06134e-06
1992	-1.70366e-07
1993	1.22346e-06
1994	-1.15674e-07
1995	1.1636e-06
1996	-1.25986e-07
1997	1.00073e-06
1998	-4.63083e-07
1999	6.78082e-07
2000	-6.90734e-07
