1	0.14
2	0.17
3	0.19
4	0.22
5	0.25
6	0.28
7	0.31
8	0.34
9	0.37
10	0.39
11	0.42
12	0.44
13	0.47
14	0.5
15	0.52
16	0.56
17	0.62
18	0.65
19	0.67
20	0.7
21	0.73
22	0.75
23	0.78
24	0.81
25	0.84
26	0.87
27	0.89
28	0.92
29	0.95
30	0.97
31	1
32	1.02
33	1.05
34	1.07
35	1.1
36	1.13
37	1.16
38	1.18
39	1.21
40	1.24
41	1.26
42	1.29
43	1.32
44	1.35
45	1.38
46	1.4
47	1.43
48	1.45
49	1.47
50	1.5
51	1.52
52	1.55
53	1.58
54	1.61
55	1.64
56	1.67
57	1.7
58	1.73
59	1.76
60	1.79
61	1.82
62	1.85
63	1.87
64	1.9
65	1.93
66	1.97
67	2
68	2.04
69	2.07
70	2.1
71	2.13
72	2.16
73	2.19
74	2.22
75	2.26
76	2.28
77	2.31
78	2.34
79	2.37
80	2.4
81	2.43
82	2.46
83	2.48
84	2.51
85	2.54
86	2.56
87	2.59
88	2.62
89	2.65
90	2.68
91	2.71
92	2.73
93	2.76
94	2.79
95	2.82
96	2.85
97	2.88
98	2.91
99	2.93
100	3.04
101	3.07
102	3.09
103	3.13
104	3.16
105	3.19
106	3.23
107	3.26
108	3.29
109	3.32
110	3.36
111	3.42
112	3.47
113	3.5
114	3.53
115	3.56
116	3.59
117	3.61
118	3.65
119	3.69
120	3.72
121	3.75
122	3.78
123	3.81
124	3.84
125	3.87
126	3.9
127	3.93
128	3.95
129	3.99
130	4.02
131	4.05
132	4.08
133	4.11
134	4.14
135	4.17
136	4.2
137	4.23
138	4.26
139	4.29
140	4.31
141	4.34
142	4.37
143	4.4
144	4.42
145	4.45
146	4.48
147	4.51
148	4.53
149	4.56
150	4.59
151	4.63
152	4.67
153	4.72
154	4.75
155	4.78
156	4.8
157	4.83
158	4.86
159	4.9
160	4.93
161	4.97
162	5
163	5.03
164	5.07
165	5.1
166	5.14
167	5.17
168	5.2
169	5.24
170	5.27
171	5.3
172	5.33
173	5.36
174	5.39
175	5.42
176	5.45
177	5.49
178	5.52
179	5.56
180	5.59
181	5.63
182	5.66
183	5.7
184	5.73
185	5.77
186	5.8
187	5.82
188	5.85
189	5.88
190	5.9
191	5.93
192	5.96
193	5.98
194	6.01
195	6.04
196	6.09
197	6.16
198	6.19
199	6.22
200	6.31
201	6.34
202	6.37
203	6.4
204	6.43
205	6.47
206	6.51
207	6.54
208	6.58
209	6.61
210	6.65
211	6.69
212	6.73
213	6.77
214	6.8
215	6.83
216	6.86
217	6.89
218	6.93
219	6.96
220	6.99
221	7.03
222	7.06
223	7.08
224	7.12
225	7.16
226	7.19
227	7.22
228	7.25
229	7.28
230	7.3
231	7.33
232	7.36
233	7.39
234	7.41
235	7.44
236	7.47
237	7.5
238	7.53
239	7.56
240	7.59
241	7.62
242	7.65
243	7.69
244	7.72
245	7.77
246	7.82
247	7.85
248	7.88
249	7.91
250	7.94
251	7.97
252	8
253	8.03
254	8.06
255	8.09
256	8.12
257	8.16
258	8.19
259	8.22
260	8.25
261	8.29
262	8.32
263	8.35
264	8.38
265	8.41
266	8.44
267	8.47
268	8.51
269	8.54
270	8.58
271	8.62
272	8.66
273	8.69
274	8.72
275	8.76
276	8.8
277	8.83
278	8.86
279	8.89
280	8.92
281	8.95
282	8.98
283	9.01
284	9.05
285	9.08
286	9.12
287	9.16
288	9.2
289	9.24
290	9.27
291	9.3
292	9.33
293	9.36
294	9.39
295	9.41
296	9.44
297	9.47
298	9.49
299	9.52
300	9.62
301	9.65
302	9.68
303	9.71
304	9.74
305	9.77
306	9.8
307	9.83
308	9.86
309	9.89
310	9.92
311	9.95
312	9.98
313	10
314	10.03
315	10.05
316	10.08
317	10.1
318	10.13
319	10.16
320	10.18
321	10.21
322	10.24
323	10.27
324	10.3
325	10.33
326	10.36
327	10.39
328	10.42
329	10.45
330	10.48
331	10.51
332	10.54
333	10.57
334	10.6
335	10.63
336	10.66
337	10.69
338	10.72
339	10.76
340	10.79
341	10.82
342	10.85
343	10.88
344	10.91
345	10.94
346	10.97
347	10.99
348	11.02
349	11.04
350	11.07
351	11.1
352	11.13
353	11.17
354	11.19
355	11.22
356	11.25
357	11.28
358	11.31
359	11.34
360	11.37
361	11.4
362	11.44
363	11.47
364	11.5
365	11.53
366	11.55
367	11.58
368	11.61
369	11.63
370	11.66
371	11.69
372	11.72
373	11.74
374	11.77
375	11.8
376	11.83
377	11.86
378	11.89
379	11.92
380	11.94
381	11.97
382	11.99
383	12.02
384	12.04
385	12.07
386	12.09
387	12.12
388	12.14
389	12.17
390	12.19
391	12.22
392	12.24
393	12.27
394	12.3
395	12.32
396	12.35
397	12.37
398	12.4
399	12.43
400	12.53
401	12.56
402	12.58
403	12.61
404	12.64
405	12.67
406	12.7
407	12.73
408	12.75
409	12.78
410	12.81
411	12.85
412	12.87
413	12.9
414	12.92
415	12.95
416	12.97
417	12.99
418	13.02
419	13.04
420	13.07
421	13.1
422	13.12
423	13.14
424	13.17
425	13.2
426	13.23
427	13.25
428	13.28
429	13.31
430	13.33
431	13.36
432	13.38
433	13.41
434	13.43
435	13.46
436	13.48
437	13.5
438	13.53
439	13.55
440	13.58
441	13.6
442	13.62
443	13.65
444	13.67
445	13.69
446	13.72
447	13.74
448	13.77
449	13.79
450	13.81
451	13.84
452	13.87
453	13.91
454	13.94
455	13.98
456	14.01
457	14.04
458	14.06
459	14.09
460	14.12
461	14.15
462	14.18
463	14.21
464	14.23
465	14.26
466	14.29
467	14.32
468	14.35
469	14.37
470	14.4
471	14.42
472	14.44
473	14.46
474	14.49
475	14.51
476	14.53
477	14.56
478	14.59
479	14.62
480	14.64
481	14.67
482	14.71
483	14.74
484	14.76
485	14.79
486	14.81
487	14.83
488	14.85
489	14.88
490	14.9
491	14.92
492	14.94
493	14.97
494	14.99
495	15.02
496	15.04
497	15.07
498	15.1
499	15.12
500	15.22
501	15.24
502	15.26
503	15.29
504	15.32
505	15.34
506	15.36
507	15.4
508	15.42
509	15.45
510	15.48
511	15.5
512	15.53
513	15.56
514	15.6
515	15.63
516	15.66
517	15.69
518	15.73
519	15.75
520	15.78
521	15.8
522	15.82
523	15.84
524	15.87
525	15.89
526	15.92
527	15.95
528	15.99
529	16.02
530	16.05
531	16.08
532	16.1
533	16.12
534	16.14
535	16.16
536	16.19
537	16.21
538	16.24
539	16.27
540	16.3
541	16.32
542	16.35
543	16.37
544	16.39
545	16.41
546	16.43
547	16.45
548	16.47
549	16.5
550	16.53
551	16.55
552	16.57
553	16.59
554	16.62
555	16.65
556	16.67
557	16.7
558	16.72
559	16.75
560	16.77
561	16.8
562	16.83
563	16.86
564	16.88
565	16.92
566	16.94
567	16.97
568	17.01
569	17.04
570	17.07
571	17.09
572	17.11
573	17.14
574	17.16
575	17.18
576	17.22
577	17.25
578	17.28
579	17.31
580	17.34
581	17.36
582	17.38
583	17.4
584	17.42
585	17.45
586	17.47
587	17.5
588	17.52
589	17.55
590	17.57
591	17.59
592	17.61
593	17.63
594	17.66
595	17.68
596	17.7
597	17.72
598	17.75
599	17.77
600	17.86
601	17.88
602	17.9
603	17.92
604	17.95
605	17.97
606	18
607	18.03
608	18.05
609	18.07
610	18.09
611	18.12
612	18.14
613	18.16
614	18.18
615	18.21
616	18.23
617	18.26
618	18.28
619	18.3
620	18.32
621	18.35
622	18.37
623	18.4
624	18.42
625	18.44
626	18.47
627	18.51
628	18.55
629	18.57
630	18.59
631	18.62
632	18.65
633	18.68
634	18.71
635	18.73
636	18.76
637	18.78
638	18.81
639	18.84
640	18.87
641	18.89
642	18.92
643	18.95
644	18.98
645	19.01
646	19.04
647	19.06
648	19.08
649	19.11
650	19.13
651	19.15
652	19.17
653	19.2
654	19.22
655	19.24
656	19.26
657	19.28
658	19.31
659	19.33
660	19.36
661	19.39
662	19.41
663	19.43
664	19.46
665	19.48
666	19.5
667	19.52
668	19.55
669	19.57
670	19.59
671	19.61
672	19.64
673	19.66
674	19.68
675	19.7
676	19.72
677	19.74
678	19.76
679	19.79
680	19.81
681	19.83
682	19.85
683	19.87
684	19.9
685	19.92
686	19.95
687	19.98
688	20
689	20.03
690	20.06
691	20.08
692	20.11
693	20.13
694	20.15
695	20.17
696	20.2
697	20.22
698	20.25
699	20.27
700	20.37
701	20.4
702	20.43
703	20.46
704	20.48
705	20.51
706	20.54
707	20.57
708	20.59
709	20.62
710	20.64
711	20.67
712	20.7
713	20.72
714	20.74
715	20.76
716	20.78
717	20.8
718	20.83
719	20.85
720	20.87
721	20.9
722	20.92
723	20.94
724	20.96
725	20.99
726	21.01
727	21.03
728	21.06
729	21.08
730	21.11
731	21.13
732	21.16
733	21.18
734	21.22
735	21.24
736	21.27
737	21.29
738	21.31
739	21.33
740	21.36
741	21.39
742	21.42
743	21.45
744	21.47
745	21.5
746	21.52
747	21.54
748	21.57
749	21.6
750	21.62
751	21.64
752	21.67
753	21.7
754	21.72
755	21.75
756	21.77
757	21.8
758	21.82
759	21.84
760	21.87
761	21.89
762	21.92
763	21.94
764	21.97
765	22
766	22.03
767	22.07
768	22.1
769	22.12
770	22.14
771	22.17
772	22.2
773	22.22
774	22.25
775	22.27
776	22.29
777	22.32
778	22.34
779	22.37
780	22.39
781	22.42
782	22.44
783	22.47
784	22.5
785	22.53
786	22.59
787	22.62
788	22.65
789	22.67
790	22.7
791	22.72
792	22.75
793	22.77
794	22.8
795	22.82
796	22.85
797	22.87
798	22.9
799	22.92
800	23.02
801	23.07
802	23.11
803	23.13
804	23.16
805	23.19
806	23.22
807	23.25
808	23.29
809	23.32
810	23.35
811	23.38
812	23.41
813	23.44
814	23.46
815	23.49
816	23.52
817	23.54
818	23.57
819	23.6
820	23.62
821	23.65
822	23.67
823	23.69
824	23.71
825	23.74
826	23.76
827	23.79
828	23.82
829	23.85
830	23.88
831	23.9
832	23.92
833	23.95
834	23.97
835	23.99
836	24.02
837	24.05
838	24.08
839	24.11
840	24.13
841	24.16
842	24.18
843	24.2
844	24.22
845	24.25
846	24.27
847	24.29
848	24.31
849	24.33
850	24.35
851	24.38
852	24.4
853	24.42
854	24.44
855	24.46
856	24.48
857	24.5
858	24.53
859	24.55
860	24.58
861	24.6
862	24.62
863	24.65
864	24.67
865	24.7
866	24.73
867	24.76
868	24.78
869	24.81
870	24.85
871	24.88
872	24.91
873	24.93
874	24.96
875	24.98
876	25.01
877	25.04
878	25.07
879	25.11
880	25.14
881	25.17
882	25.19
883	25.22
884	25.25
885	25.27
886	25.3
887	25.33
888	25.36
889	25.38
890	25.4
891	25.43
892	25.45
893	25.47
894	25.5
895	25.52
896	25.55
897	25.57
898	25.6
899	25.62
900	25.71
901	25.74
902	25.76
903	25.79
904	25.81
905	25.85
906	25.88
907	25.91
908	25.94
909	25.97
910	26
911	26.02
912	26.05
913	26.08
914	26.1
915	26.13
916	26.15
917	26.18
918	26.2
919	26.22
920	26.25
921	26.27
922	26.29
923	26.31
924	26.34
925	26.37
926	26.4
927	26.42
928	26.45
929	26.48
930	26.5
931	26.53
932	26.56
933	26.58
934	26.63
935	26.66
936	26.68
937	26.7
938	26.75
939	26.79
940	26.81
941	26.84
942	26.88
943	26.9
944	26.94
945	26.97
946	27
947	27.03
948	27.05
949	27.07
950	27.1
951	27.14
952	27.17
953	27.21
954	27.24
955	27.29
956	27.33
957	27.35
958	27.37
959	27.4
960	27.43
961	27.45
962	27.48
963	27.5
964	27.53
965	27.55
966	27.58
967	27.6
968	27.63
969	27.65
970	27.68
971	27.7
972	27.73
973	27.75
974	27.78
975	27.8
976	27.83
977	27.85
978	27.88
979	27.91
980	27.93
981	27.95
982	27.98
983	28
984	28.03
985	28.06
986	28.08
987	28.11
988	28.13
989	28.16
990	28.18
991	28.2
992	28.23
993	28.25
994	28.27
995	28.3
996	28.32
997	28.34
998	28.36
999	28.39
1000	28.48
1001	28.51
1002	28.53
1003	28.55
1004	28.58
1005	28.61
1006	28.63
1007	28.65
1008	28.67
1009	28.7
1010	28.72
1011	28.75
1012	28.78
1013	28.81
1014	28.83
1015	28.86
1016	28.89
1017	28.92
1018	28.94
1019	28.97
1020	28.99
1021	29.01
1022	29.04
1023	29.07
1024	29.13
1025	29.16
1026	29.19
1027	29.22
1028	29.24
1029	29.27
1030	29.3
1031	29.32
1032	29.35
1033	29.37
1034	29.39
1035	29.41
1036	29.44
1037	29.46
1038	29.49
1039	29.51
1040	29.54
1041	29.59
1042	29.65
1043	29.67
1044	29.7
1045	29.73
1046	29.76
1047	29.79
1048	29.82
1049	29.84
1050	29.87
1051	29.9
1052	29.93
1053	29.96
1054	29.99
1055	30.01
1056	30.04
1057	30.06
1058	30.08
1059	30.11
1060	30.14
1061	30.16
1062	30.19
1063	30.22
1064	30.25
1065	30.27
1066	30.3
1067	30.32
1068	30.35
1069	30.4
1070	30.43
1071	30.46
1072	30.49
1073	30.52
1074	30.54
1075	30.57
1076	30.59
1077	30.62
1078	30.64
1079	30.66
1080	30.69
1081	30.75
1082	30.78
1083	30.8
1084	30.83
1085	30.86
1086	30.89
1087	30.92
1088	30.95
1089	30.98
1090	31
1091	31.03
1092	31.06
1093	31.09
1094	31.12
1095	31.14
1096	31.17
1097	31.19
1098	31.22
1099	31.25
1100	31.36
1101	31.38
1102	31.41
1103	31.43
1104	31.46
1105	31.49
1106	31.52
1107	31.54
1108	31.57
1109	31.6
1110	31.62
1111	31.65
1112	31.67
1113	31.69
1114	31.72
1115	31.74
1116	31.76
1117	31.79
1118	31.81
1119	31.83
1120	31.86
1121	31.88
1122	31.91
1123	31.94
1124	31.96
1125	31.98
1126	32.01
1127	32.05
1128	32.08
1129	32.11
1130	32.14
1131	32.17
1132	32.2
1133	32.23
1134	32.26
1135	32.28
1136	32.3
1137	32.33
1138	32.35
1139	32.38
1140	32.4
1141	32.43
1142	32.46
1143	32.49
1144	32.52
1145	32.55
1146	32.58
1147	32.6
1148	32.63
1149	32.66
1150	32.68
1151	32.71
1152	32.73
1153	32.76
1154	32.78
1155	32.81
1156	32.83
1157	32.85
1158	32.87
1159	32.89
1160	32.92
1161	32.94
1162	32.96
1163	32.99
1164	33.02
1165	33.04
1166	33.06
1167	33.08
1168	33.12
1169	33.14
1170	33.17
1171	33.2
1172	33.23
1173	33.26
1174	33.28
1175	33.32
1176	33.35
1177	33.38
1178	33.41
1179	33.44
1180	33.46
1181	33.49
1182	33.53
1183	33.56
1184	33.58
1185	33.62
1186	33.65
1187	33.68
1188	33.71
1189	33.73
1190	33.75
1191	33.77
1192	33.79
1193	33.82
1194	33.84
1195	33.86
1196	33.89
1197	33.91
1198	33.93
1199	33.95
1200	34.05
1201	34.07
1202	34.09
1203	34.12
1204	34.14
1205	34.17
1206	34.19
1207	34.22
1208	34.24
1209	34.26
1210	34.29
1211	34.31
1212	34.33
1213	34.36
1214	34.38
1215	34.4
1216	34.42
1217	34.45
1218	34.47
1219	34.49
1220	34.52
1221	34.55
1222	34.58
1223	34.6
1224	34.64
1225	34.67
1226	34.7
1227	34.72
1228	34.74
1229	34.76
1230	34.79
1231	34.81
1232	34.83
1233	34.85
1234	34.87
1235	34.89
1236	34.91
1237	34.94
1238	34.96
1239	34.98
1240	35
1241	35.02
1242	35.06
1243	35.09
1244	35.12
1245	35.15
1246	35.17
1247	35.2
1248	35.22
1249	35.25
1250	35.27
1251	35.3
1252	35.32
1253	35.35
1254	35.37
1255	35.4
1256	35.42
1257	35.44
1258	35.48
1259	35.5
1260	35.53
1261	35.56
1262	35.58
1263	35.61
1264	35.63
1265	35.66
1266	35.68
1267	35.7
1268	35.72
1269	35.75
1270	35.77
1271	35.79
1272	35.81
1273	35.83
1274	35.86
1275	35.88
1276	35.91
1277	35.93
1278	35.95
1279	35.98
1280	36
1281	36.04
1282	36.08
1283	36.11
1284	36.14
1285	36.16
1286	36.18
1287	36.2
1288	36.23
1289	36.26
1290	36.28
1291	36.32
1292	36.34
1293	36.37
1294	36.39
1295	36.42
1296	36.44
1297	36.47
1298	36.49
1299	36.52
1300	36.62
1301	36.65
1302	36.67
1303	36.7
1304	36.72
1305	36.74
1306	36.77
1307	36.79
1308	36.81
1309	36.84
1310	36.86
1311	36.88
1312	36.91
1313	36.93
1314	36.95
1315	36.98
1316	37
1317	37.02
1318	37.05
1319	37.07
1320	37.1
1321	37.12
1322	37.15
1323	37.17
1324	37.19
1325	37.22
1326	37.24
1327	37.27
1328	37.29
1329	37.32
1330	37.34
1331	37.37
1332	37.39
1333	37.42
1334	37.44
1335	37.47
1336	37.49
1337	37.51
1338	37.54
1339	37.56
1340	37.59
1341	37.61
1342	37.64
1343	37.67
1344	37.69
1345	37.71
1346	37.74
1347	37.76
1348	37.79
1349	37.81
1350	37.84
1351	37.86
1352	37.89
1353	37.92
1354	37.94
1355	37.97
1356	38
1357	38.02
1358	38.05
1359	38.07
1360	38.1
1361	38.14
1362	38.16
1363	38.18
1364	38.21
1365	38.24
1366	38.26
1367	38.29
1368	38.31
1369	38.34
1370	38.36
1371	38.38
1372	38.41
1373	38.44
1374	38.46
1375	38.51
1376	38.56
1377	38.6
1378	38.63
1379	38.66
1380	38.69
1381	38.71
1382	38.74
1383	38.76
1384	38.79
1385	38.82
1386	38.84
1387	38.87
1388	38.9
1389	38.93
1390	38.96
1391	38.98
1392	39.01
1393	39.04
1394	39.06
1395	39.09
1396	39.12
1397	39.15
1398	39.18
1399	39.21
1400	39.3
1401	39.32
1402	39.35
1403	39.37
1404	39.4
1405	39.42
1406	39.45
1407	39.47
1408	39.49
1409	39.52
1410	39.54
1411	39.56
1412	39.59
1413	39.61
1414	39.64
1415	39.66
1416	39.69
1417	39.72
1418	39.74
1419	39.77
1420	39.79
1421	39.82
1422	39.85
1423	39.88
1424	39.91
1425	39.94
1426	39.97
1427	40
1428	40.03
1429	40.06
1430	40.09
1431	40.12
1432	40.15
1433	40.17
1434	40.2
1435	40.22
1436	40.25
1437	40.27
1438	40.3
1439	40.37
1440	40.42
1441	40.45
1442	40.48
1443	40.51
1444	40.54
1445	40.57
1446	40.59
1447	40.62
1448	40.66
1449	40.68
1450	40.71
1451	40.73
1452	40.76
1453	40.79
1454	40.81
1455	40.85
1456	40.89
1457	40.91
1458	40.94
1459	40.97
1460	40.99
1461	41.02
1462	41.04
1463	41.06
1464	41.09
1465	41.11
1466	41.14
1467	41.16
1468	41.18
1469	41.21
1470	41.23
1471	41.25
1472	41.29
1473	41.32
1474	41.35
1475	41.37
1476	41.4
1477	41.42
1478	41.45
1479	41.47
1480	41.5
1481	41.53
1482	41.56
1483	41.59
1484	41.62
1485	41.65
1486	41.69
1487	41.72
1488	41.75
1489	41.78
1490	41.81
1491	41.83
1492	41.86
1493	41.89
1494	41.92
1495	41.95
1496	41.98
1497	42.01
1498	42.04
1499	42.07
1500	42.17
1501	42.19
1502	42.22
1503	42.25
1504	42.28
1505	42.31
1506	42.33
1507	42.36
1508	42.39
1509	42.42
1510	42.45
1511	42.48
1512	42.5
1513	42.53
1514	42.56
1515	42.58
1516	42.61
1517	42.63
1518	42.66
1519	42.68
1520	42.71
1521	42.73
1522	42.75
1523	42.78
1524	42.8
1525	42.82
1526	42.85
1527	42.87
1528	42.89
1529	42.92
1530	42.94
1531	42.96
1532	42.99
1533	43.01
1534	43.03
1535	43.06
1536	43.08
1537	43.11
1538	43.13
1539	43.16
1540	43.19
1541	43.21
1542	43.24
1543	43.26
1544	43.28
1545	43.3
1546	43.33
1547	43.36
1548	43.39
1549	43.42
1550	43.45
1551	43.48
1552	43.51
1553	43.54
1554	43.57
1555	43.59
1556	43.62
1557	43.65
1558	43.68
1559	43.7
1560	43.73
1561	43.75
1562	43.78
1563	43.8
1564	43.82
1565	43.84
1566	43.87
1567	43.89
1568	43.91
1569	43.93
1570	43.96
1571	43.98
1572	44
1573	44.02
1574	44.04
1575	44.06
1576	44.09
1577	44.12
1578	44.15
1579	44.18
1580	44.21
1581	44.23
1582	44.26
1583	44.29
1584	44.32
1585	44.35
1586	44.38
1587	44.43
1588	44.48
1589	44.5
1590	44.53
1591	44.56
1592	44.58
1593	44.6
1594	44.62
1595	44.65
1596	44.67
1597	44.7
1598	44.72
1599	44.74
1600	44.83
1601	44.85
1602	44.87
1603	44.9
1604	44.92
1605	44.94
1606	44.96
1607	44.99
1608	45.01
1609	45.04
1610	45.07
1611	45.09
1612	45.12
1613	45.15
1614	45.18
1615	45.2
1616	45.23
1617	45.26
1618	45.28
1619	45.31
1620	45.34
1621	45.37
1622	45.39
1623	45.42
1624	45.45
1625	45.48
1626	45.5
1627	45.53
1628	45.55
1629	45.57
1630	45.6
1631	45.63
1632	45.67
1633	45.7
1634	45.72
1635	45.75
1636	45.78
1637	45.81
1638	45.83
1639	45.86
1640	45.88
1641	45.91
1642	45.93
1643	45.96
1644	46
1645	46.03
1646	46.06
1647	46.08
1648	46.1
1649	46.12
1650	46.15
1651	46.18
1652	46.21
1653	46.24
1654	46.27
1655	46.3
1656	46.32
1657	46.35
1658	46.38
1659	46.4
1660	46.43
1661	46.45
1662	46.47
1663	46.5
1664	46.53
1665	46.56
1666	46.59
1667	46.62
1668	46.64
1669	46.66
1670	46.69
1671	46.71
1672	46.73
1673	46.75
1674	46.77
1675	46.79
1676	46.82
1677	46.84
1678	46.86
1679	46.88
1680	46.9
1681	46.93
1682	46.95
1683	46.97
1684	46.99
1685	47.01
1686	47.04
1687	47.06
1688	47.08
1689	47.1
1690	47.13
1691	47.15
1692	47.18
1693	47.2
1694	47.22
1695	47.24
1696	47.26
1697	47.29
1698	47.31
1699	47.33
1700	47.42
1701	47.44
1702	47.47
1703	47.49
1704	47.51
1705	47.54
1706	47.56
1707	47.6
1708	47.62
1709	47.65
1710	47.68
1711	47.71
1712	47.74
1713	47.77
1714	47.79
1715	47.82
1716	47.85
1717	47.87
1718	47.9
1719	47.92
1720	47.95
1721	47.98
1722	48
1723	48.03
1724	48.06
1725	48.09
1726	48.12
1727	48.15
1728	48.18
1729	48.21
1730	48.23
1731	48.26
1732	48.28
1733	48.3
1734	48.33
1735	48.35
1736	48.37
1737	48.4
1738	48.42
1739	48.45
1740	48.47
1741	48.5
1742	48.53
1743	48.56
1744	48.58
1745	48.61
1746	48.63
1747	48.66
1748	48.68
1749	48.71
1750	48.73
1751	48.75
1752	48.77
1753	48.79
1754	48.82
1755	48.84
1756	48.87
1757	48.89
1758	48.91
1759	48.93
1760	48.95
1761	48.97
1762	49
1763	49.02
1764	49.05
1765	49.07
1766	49.09
1767	49.12
1768	49.14
1769	49.16
1770	49.19
1771	49.22
1772	49.25
1773	49.27
1774	49.3
1775	49.33
1776	49.35
1777	49.37
1778	49.4
1779	49.42
1780	49.44
1781	49.47
1782	49.49
1783	49.52
1784	49.54
1785	49.56
1786	49.59
1787	49.62
1788	49.64
1789	49.66
1790	49.69
1791	49.71
1792	49.73
1793	49.76
1794	49.78
1795	49.81
1796	49.83
1797	49.86
1798	49.91
1799	49.93
1800	50.02
1801	50.05
1802	50.07
1803	50.09
1804	50.11
1805	50.13
1806	50.16
1807	50.18
1808	50.2
1809	50.23
1810	50.26
1811	50.29
1812	50.31
1813	50.34
1814	50.36
1815	50.39
1816	50.41
1817	50.44
1818	50.47
1819	50.5
1820	50.52
1821	50.55
1822	50.57
1823	50.6
1824	50.63
1825	50.67
1826	50.73
1827	50.75
1828	50.77
1829	50.79
1830	50.82
1831	50.84
1832	50.86
1833	50.88
1834	50.9
1835	50.93
1836	50.95
1837	50.97
1838	50.99
1839	51.01
1840	51.03
1841	51.05
1842	51.08
1843	51.1
1844	51.12
1845	51.14
1846	51.16
1847	51.19
1848	51.21
1849	51.24
1850	51.26
1851	51.28
1852	51.3
1853	51.33
1854	51.35
1855	51.37
1856	51.39
1857	51.42
1858	51.44
1859	51.46
1860	51.48
1861	51.5
1862	51.53
1863	51.55
1864	51.57
1865	51.59
1866	51.61
1867	51.64
1868	51.66
1869	51.68
1870	51.7
1871	51.73
1872	51.75
1873	51.77
1874	51.79
1875	51.81
1876	51.83
1877	51.86
1878	51.88
1879	51.9
1880	51.92
1881	51.95
1882	51.97
1883	51.99
1884	52.01
1885	52.03
1886	52.05
1887	52.07
1888	52.1
1889	52.12
1890	52.14
1891	52.16
1892	52.19
1893	52.21
1894	52.23
1895	52.25
1896	52.27
1897	52.3
1898	52.33
1899	52.36
1900	52.44
1901	52.47
1902	52.49
1903	52.51
1904	52.54
1905	52.56
1906	52.58
1907	52.61
1908	52.64
1909	52.66
1910	52.68
1911	52.7
1912	52.73
1913	52.75
1914	52.77
1915	52.79
1916	52.81
1917	52.83
1918	52.86
1919	52.88
1920	52.9
1921	52.92
1922	52.94
1923	52.96
1924	52.98
1925	53
1926	53.02
1927	53.04
1928	53.07
1929	53.09
1930	53.11
1931	53.13
1932	53.15
1933	53.17
1934	53.2
1935	53.22
1936	53.25
1937	53.27
1938	53.29
1939	53.32
1940	53.34
1941	53.36
1942	53.38
1943	53.4
1944	53.43
1945	53.45
1946	53.47
1947	53.49
1948	53.52
1949	53.54
1950	53.56
1951	53.58
1952	53.6
1953	53.62
1954	53.65
1955	53.67
1956	53.69
1957	53.71
1958	53.73
1959	53.76
1960	53.78
1961	53.8
1962	53.82
1963	53.85
1964	53.87
1965	53.89
1966	53.91
1967	53.93
1968	53.95
1969	53.98
1970	54
1971	54.02
1972	54.04
1973	54.06
1974	54.08
1975	54.1
1976	54.13
1977	54.15
1978	54.17
1979	54.19
1980	54.22
1981	54.24
1982	54.26
1983	54.28
1984	54.3
1985	54.32
1986	54.35
1987	54.37
1988	54.39
1989	54.41
1990	54.43
1991	54.45
1992	54.48
1993	54.5
1994	54.52
1995	54.54
1996	54.57
1997	54.59
1998	54.61
1999	54.63
2000	54.73
