1	1
2	0.542721
3	0.227921
4	0.127085
5	0.0987813
6	0.0777134
7	0.0623477
8	0.0507967
9	0.0449856
10	0.043068
11	0.0432573
12	0.043089
13	0.0432457
14	0.0428751
15	0.0432463
16	0.0425406
17	0.0418332
18	0.0407809
19	0.039585
20	0.038408
21	0.0370556
22	0.0355875
23	0.0342196
24	0.0328715
25	0.0314821
26	0.0300739
27	0.028608
28	0.0276084
29	0.0265117
30	0.0254839
31	0.0245885
32	0.0236323
33	0.0228395
34	0.0222076
35	0.0216353
36	0.020952
37	0.0205287
38	0.0202053
39	0.0198915
40	0.0197963
41	0.0195262
42	0.0194023
43	0.019313
44	0.0193037
45	0.0191739
46	0.0191621
47	0.0190127
48	0.0189829
49	0.0190303
50	0.0191494
51	0.0192702
52	0.019536
53	0.0197722
54	0.0200774
55	0.0204095
56	0.0208022
57	0.0211541
58	0.0215278
59	0.0218591
60	0.0222158
61	0.0224261
62	0.0227147
63	0.0227881
64	0.0229259
65	0.0229746
66	0.0230544
67	0.0230131
68	0.022992
69	0.0228937
70	0.022769
71	0.0225917
72	0.0223606
73	0.0221339
74	0.0218479
75	0.0215792
76	0.0212818
77	0.0210578
78	0.0207181
79	0.0204555
80	0.020149
81	0.0198855
82	0.019604
83	0.0193749
84	0.0191134
85	0.0189046
86	0.0186143
87	0.0183451
88	0.0181298
89	0.0179014
90	0.0177078
91	0.0175261
92	0.0173338
93	0.0172149
94	0.0170902
95	0.0170356
96	0.0170941
97	0.0171252
98	0.0172099
99	0.0171308
100	0.0170565
101	0.0168465
102	0.0165058
103	0.0161569
104	0.015703
105	0.0152012
106	0.0146391
107	0.0141199
108	0.0135185
109	0.0129493
110	0.0123694
111	0.0117576
112	0.0111629
113	0.0106068
114	0.0101238
115	0.009674
116	0.00932055
117	0.00905788
118	0.00881578
119	0.00864
120	0.00848349
121	0.00834857
122	0.00823381
123	0.00810009
124	0.00802649
125	0.0079306
126	0.00786878
127	0.00778359
128	0.0077225
129	0.00763434
130	0.00753713
131	0.0074618
132	0.00737829
133	0.00732267
134	0.00727403
135	0.00723651
136	0.00723021
137	0.00721271
138	0.00722955
139	0.00723219
140	0.00723593
141	0.00723574
142	0.0072393
143	0.00724189
144	0.00725577
145	0.00729645
146	0.00733503
147	0.00735462
148	0.00740373
149	0.00742702
150	0.00741409
151	0.00742995
152	0.00740997
153	0.00733976
154	0.00728003
155	0.00720859
156	0.00711895
157	0.00700866
158	0.00690828
159	0.00680826
160	0.00674493
161	0.00661327
162	0.00654206
163	0.00645003
164	0.00637389
165	0.00628827
166	0.00621175
167	0.0061507
168	0.0060606
169	0.00598379
170	0.00590523
171	0.00582959
172	0.00572822
173	0.00564708
174	0.0055285
175	0.00542542
176	0.00528281
177	0.00513073
178	0.0049921
179	0.00484819
180	0.0047229
181	0.00460289
182	0.00449612
183	0.00437811
184	0.00428509
185	0.00417572
186	0.00408971
187	0.00400641
188	0.00392726
189	0.00385851
190	0.00379221
191	0.0037304
192	0.00367328
193	0.00360952
194	0.00356263
195	0.00350545
196	0.00347064
197	0.00342322
198	0.0033974
199	0.0033686
200	0.00335567
201	0.00333934
202	0.00332388
203	0.00330698
204	0.00330154
205	0.00328453
206	0.0032846
207	0.00327463
208	0.00327106
209	0.00326395
210	0.0032543
211	0.00324732
212	0.00323526
213	0.00322372
214	0.00321134
215	0.00320464
216	0.00320559
217	0.00319184
218	0.00319081
219	0.00317646
220	0.00316797
221	0.00315355
222	0.00313919
223	0.00311224
224	0.0030943
225	0.00307276
226	0.00305831
227	0.00303731
228	0.003017
229	0.00299574
230	0.00297174
231	0.00294024
232	0.00291512
233	0.00288735
234	0.00285854
235	0.00283489
236	0.00280629
237	0.00277087
238	0.00273563
239	0.00269736
240	0.00265416
241	0.00260538
242	0.00255452
243	0.00250022
244	0.00244595
245	0.00238329
246	0.0023187
247	0.00225297
248	0.0021829
249	0.00210874
250	0.00203576
251	0.00196195
252	0.00188708
253	0.00181559
254	0.00174533
255	0.00168143
256	0.00162157
257	0.0015662
258	0.0015187
259	0.00147141
260	0.00143282
261	0.00139775
262	0.00136427
263	0.00133157
264	0.00130229
265	0.00127267
266	0.00124618
267	0.00121688
268	0.00119118
269	0.00116672
270	0.00114212
271	0.00111665
272	0.00109692
273	0.00107298
274	0.00105018
275	0.001031
276	0.00101239
277	0.000992297
278	0.000974351
279	0.000956087
280	0.00093936
281	0.000921484
282	0.000907314
283	0.000890918
284	0.000878345
285	0.000865483
286	0.000854242
287	0.000843522
288	0.000831867
289	0.000822344
290	0.000810994
291	0.000799932
292	0.000786307
293	0.000774913
294	0.000760615
295	0.000747899
296	0.000734635
297	0.000722345
298	0.000707137
299	0.000692491
300	0.000676471
301	0.000660679
302	0.000642616
303	0.000624857
304	0.000605448
305	0.000586473
306	0.000566459
307	0.000546881
308	0.000526533
309	0.000506462
310	0.000486607
311	0.000467329
312	0.000447894
313	0.000430413
314	0.000413679
315	0.000398556
316	0.00038447
317	0.000371527
318	0.000359519
319	0.000348487
320	0.000339296
321	0.00033146
322	0.000324642
323	0.000318205
324	0.000312376
325	0.000306199
326	0.000300324
327	0.000294571
328	0.0002886
329	0.000282445
330	0.000276242
331	0.00027051
332	0.000264463
333	0.000257967
334	0.000251699
335	0.000245322
336	0.000239427
337	0.000233915
338	0.000229125
339	0.000223515
340	0.000219289
341	0.000213976
342	0.000210195
343	0.000205334
344	0.000202271
345	0.000197534
346	0.000195168
347	0.000190919
348	0.0001885
349	0.000184192
350	0.000181482
351	0.00017726
352	0.000174248
353	0.000169907
354	0.000166651
355	0.000162328
356	0.000158886
357	0.000154743
358	0.000151166
359	0.000146963
360	0.000142975
361	0.000138543
362	0.000134438
363	0.000129814
364	0.000125402
365	0.000120907
366	0.000116472
367	0.00011199
368	0.000107571
369	0.00010328
370	9.91033e-05
371	9.52863e-05
372	9.11717e-05
373	8.76256e-05
374	8.38389e-05
375	8.06181e-05
376	7.71083e-05
377	7.47254e-05
378	7.19111e-05
379	6.99076e-05
380	6.74606e-05
381	6.5754e-05
382	6.36708e-05
383	6.2543e-05
384	6.0794e-05
385	5.96828e-05
386	5.83097e-05
387	5.73135e-05
388	5.58975e-05
389	5.49121e-05
390	5.36202e-05
391	5.27043e-05
392	5.14757e-05
393	5.03241e-05
394	4.92031e-05
395	4.80734e-05
396	4.68522e-05
397	4.57254e-05
398	4.47709e-05
399	4.3753e-05
400	4.27928e-05
401	4.16572e-05
402	4.08611e-05
403	4.00351e-05
404	3.93636e-05
405	3.85337e-05
406	3.79807e-05
407	3.72602e-05
408	3.65967e-05
409	3.6041e-05
410	3.55632e-05
411	3.5192e-05
412	3.47325e-05
413	3.42106e-05
414	3.37899e-05
415	3.3268e-05
416	3.25582e-05
417	3.20135e-05
418	3.13577e-05
419	3.08116e-05
420	3.00033e-05
421	2.92963e-05
422	2.84481e-05
423	2.79721e-05
424	2.70625e-05
425	2.64793e-05
426	2.56531e-05
427	2.51038e-05
428	2.41308e-05
429	2.36739e-05
430	2.2892e-05
431	2.25374e-05
432	2.17162e-05
433	2.11514e-05
434	2.03162e-05
435	2.00961e-05
436	1.93883e-05
437	1.91024e-05
438	1.85181e-05
439	1.83702e-05
440	1.77879e-05
441	1.74362e-05
442	1.68862e-05
443	1.68877e-05
444	1.64531e-05
445	1.63001e-05
446	1.59649e-05
447	1.58463e-05
448	1.53834e-05
449	1.52538e-05
450	1.498e-05
451	1.49272e-05
452	1.46035e-05
453	1.42594e-05
454	1.39057e-05
455	1.39006e-05
456	1.35713e-05
457	1.34216e-05
458	1.32325e-05
459	1.32093e-05
460	1.29342e-05
461	1.26847e-05
462	1.24383e-05
463	1.24654e-05
464	1.22433e-05
465	1.21331e-05
466	1.198e-05
467	1.19147e-05
468	1.16112e-05
469	1.15731e-05
470	1.14332e-05
471	1.14746e-05
472	1.1269e-05
473	1.10485e-05
474	1.07566e-05
475	1.08285e-05
476	1.05199e-05
477	1.04584e-05
478	1.02447e-05
479	1.02937e-05
480	9.96818e-06
481	9.7733e-06
482	9.44542e-06
483	9.53344e-06
484	9.22361e-06
485	9.15969e-06
486	8.94971e-06
487	8.91826e-06
488	8.49628e-06
489	8.47429e-06
490	8.26029e-06
491	8.3457e-06
492	8.05237e-06
493	7.8804e-06
494	7.55626e-06
495	7.70418e-06
496	7.40862e-06
497	7.40742e-06
498	7.22107e-06
499	7.35087e-06
500	7.12315e-06
501	7.03827e-06
502	6.8087e-06
503	6.99095e-06
504	6.7619e-06
505	6.76015e-06
506	6.61168e-06
507	6.66218e-06
508	6.34872e-06
509	6.38452e-06
510	6.25994e-06
511	6.41161e-06
512	6.20887e-06
513	6.05311e-06
514	5.79036e-06
515	5.98704e-06
516	5.76948e-06
517	5.80783e-06
518	5.68962e-06
519	5.86836e-06
520	5.6501e-06
521	5.54625e-06
522	5.34127e-06
523	5.5515e-06
524	5.38316e-06
525	5.37351e-06
526	5.26843e-06
527	5.34145e-06
528	5.07256e-06
529	5.12e-06
530	5.03756e-06
531	5.2214e-06
532	5.0472e-06
533	4.91023e-06
534	4.70789e-06
535	4.92757e-06
536	4.75257e-06
537	4.81085e-06
538	4.75126e-06
539	4.96017e-06
540	4.7799e-06
541	4.70397e-06
542	4.53548e-06
543	4.77932e-06
544	4.65146e-06
545	4.68101e-06
546	4.61735e-06
547	4.73612e-06
548	4.47942e-06
549	4.5455e-06
550	4.50075e-06
551	4.72298e-06
552	4.54223e-06
553	4.43372e-06
554	4.24229e-06
555	4.49694e-06
556	4.32845e-06
557	4.41592e-06
558	4.36023e-06
559	4.59492e-06
560	4.42179e-06
561	4.35856e-06
562	4.20072e-06
563	4.46439e-06
564	4.31671e-06
565	4.37184e-06
566	4.31436e-06
567	4.42856e-06
568	4.17725e-06
569	4.27807e-06
570	4.22464e-06
571	4.43451e-06
572	4.30655e-06
573	4.22861e-06
574	4.03777e-06
575	4.29062e-06
576	4.12649e-06
577	4.20878e-06
578	4.13306e-06
579	4.3605e-06
580	4.23021e-06
581	4.18402e-06
582	4.02728e-06
583	4.28307e-06
584	4.13517e-06
585	4.18287e-06
586	4.11387e-06
587	4.22978e-06
588	3.98794e-06
589	4.08035e-06
590	4.03105e-06
591	4.25019e-06
592	4.10673e-06
593	4.00607e-06
594	3.80844e-06
595	4.06546e-06
596	3.91045e-06
597	3.99295e-06
598	3.94391e-06
599	4.16673e-06
600	4.01406e-06
601	3.95912e-06
602	3.82392e-06
603	4.08551e-06
604	3.93774e-06
605	3.98373e-06
606	3.91951e-06
607	4.04053e-06
608	3.81581e-06
609	3.90052e-06
610	3.8478e-06
611	4.05818e-06
612	3.93945e-06
613	3.84045e-06
614	3.65338e-06
615	3.90741e-06
616	3.74047e-06
617	3.81631e-06
618	3.76825e-06
619	3.98902e-06
620	3.85359e-06
621	3.79856e-06
622	3.66339e-06
623	3.90865e-06
624	3.77852e-06
625	3.8185e-06
626	3.76456e-06
627	3.88e-06
628	3.6459e-06
629	3.72436e-06
630	3.67531e-06
631	3.88828e-06
632	3.76645e-06
633	3.65245e-06
634	3.48797e-06
635	3.75128e-06
636	3.57228e-06
637	3.63281e-06
638	3.60451e-06
639	3.83703e-06
640	3.6704e-06
641	3.60834e-06
642	3.49124e-06
643	3.74826e-06
644	3.61294e-06
645	3.65386e-06
646	3.61022e-06
647	3.73388e-06
648	3.49515e-06
649	3.58269e-06
650	3.54344e-06
651	3.73866e-06
652	3.61353e-06
653	3.52846e-06
654	3.36912e-06
655	3.61654e-06
656	3.46255e-06
657	3.54773e-06
658	3.51699e-06
659	3.72743e-06
660	3.57666e-06
661	3.54543e-06
662	3.40509e-06
663	3.64368e-06
664	3.52496e-06
665	3.58772e-06
666	3.54854e-06
667	3.64899e-06
668	3.40933e-06
669	3.50768e-06
670	3.46809e-06
671	3.66609e-06
672	3.53527e-06
673	3.46242e-06
674	3.2905e-06
675	3.52768e-06
676	3.36605e-06
677	3.45302e-06
678	3.40514e-06
679	3.60981e-06
680	3.4918e-06
681	3.45632e-06
682	3.32365e-06
683	3.55133e-06
684	3.43867e-06
685	3.50697e-06
686	3.43884e-06
687	3.52573e-06
688	3.31856e-06
689	3.43308e-06
690	3.39306e-06
691	3.57002e-06
692	3.46757e-06
693	3.39771e-06
694	3.21188e-06
695	3.43739e-06
696	3.30014e-06
697	3.40155e-06
698	3.3437e-06
699	3.54661e-06
700	3.42583e-06
701	3.38861e-06
702	3.25291e-06
703	3.49479e-06
704	3.38032e-06
705	3.42968e-06
706	3.38816e-06
707	3.48194e-06
708	3.25831e-06
709	3.36599e-06
710	3.3192e-06
711	3.51069e-06
712	3.40593e-06
713	3.3167e-06
714	3.13079e-06
715	3.38012e-06
716	3.26618e-06
717	3.3488e-06
718	3.28809e-06
719	3.47947e-06
720	3.36436e-06
721	3.3221e-06
722	3.20024e-06
723	3.43034e-06
724	3.31451e-06
725	3.36739e-06
726	3.3147e-06
727	3.40651e-06
728	3.21323e-06
729	3.31734e-06
730	3.27924e-06
731	3.47128e-06
732	3.36089e-06
733	3.28269e-06
734	3.09676e-06
735	3.33205e-06
736	3.18784e-06
737	3.28473e-06
738	3.24338e-06
739	3.44529e-06
740	3.32429e-06
741	3.28966e-06
742	3.15514e-06
743	3.40996e-06
744	3.28987e-06
745	3.3369e-06
746	3.28414e-06
747	3.40052e-06
748	3.17696e-06
749	3.26689e-06
750	3.24175e-06
751	3.45454e-06
752	3.32453e-06
753	3.23098e-06
754	3.06922e-06
755	3.32413e-06
756	3.16877e-06
757	3.24826e-06
758	3.20312e-06
759	3.4317e-06
760	3.31722e-06
761	3.27102e-06
762	3.14387e-06
763	3.39915e-06
764	3.27326e-06
765	3.32237e-06
766	3.27513e-06
767	3.3915e-06
768	3.16817e-06
769	3.2618e-06
770	3.2412e-06
771	3.45751e-06
772	3.3225e-06
773	3.22679e-06
774	3.05226e-06
775	3.30896e-06
776	3.1716e-06
777	3.24235e-06
778	3.21742e-06
779	3.45982e-06
780	3.29732e-06
781	3.23026e-06
782	3.11696e-06
783	3.37997e-06
784	3.24192e-06
785	3.29064e-06
786	3.26519e-06
787	3.39022e-06
788	3.14335e-06
789	3.22559e-06
790	3.19023e-06
791	3.41095e-06
792	3.30633e-06
793	3.21837e-06
794	3.05381e-06
795	3.30157e-06
796	3.15321e-06
797	3.23687e-06
798	3.18876e-06
799	3.40948e-06
800	3.28957e-06
801	3.24622e-06
802	3.10969e-06
803	3.35962e-06
804	3.25344e-06
805	3.3025e-06
806	3.24681e-06
807	3.36373e-06
808	3.14793e-06
809	3.23964e-06
810	3.19763e-06
811	3.41588e-06
812	3.29736e-06
813	3.20366e-06
814	3.03932e-06
815	3.28673e-06
816	3.14097e-06
817	3.22623e-06
818	3.19456e-06
819	3.42361e-06
820	3.27592e-06
821	3.22223e-06
822	3.08491e-06
823	3.34495e-06
824	3.23997e-06
825	3.27759e-06
826	3.24701e-06
827	3.38187e-06
828	3.13038e-06
829	3.20351e-06
830	3.1831e-06
831	3.4034e-06
832	3.26862e-06
833	3.17447e-06
834	3.04103e-06
835	3.31897e-06
836	3.12668e-06
837	3.20384e-06
838	3.13638e-06
839	3.36852e-06
840	3.26446e-06
841	3.22664e-06
842	3.10296e-06
843	3.35328e-06
844	3.24011e-06
845	3.28302e-06
846	3.2283e-06
847	3.3393e-06
848	3.12981e-06
849	3.22384e-06
850	3.19564e-06
851	3.40023e-06
852	3.27931e-06
853	3.18957e-06
854	3.0182e-06
855	3.28175e-06
856	3.14608e-06
857	3.23055e-06
858	3.17289e-06
859	3.38905e-06
860	3.28523e-06
861	3.22627e-06
862	3.10418e-06
863	3.34939e-06
864	3.23808e-06
865	3.28207e-06
866	3.2475e-06
867	3.36269e-06
868	3.13564e-06
869	3.22906e-06
870	3.19264e-06
871	3.39495e-06
872	3.2848e-06
873	3.19099e-06
874	3.02746e-06
875	3.29056e-06
876	3.12979e-06
877	3.20543e-06
878	3.18709e-06
879	3.4262e-06
880	3.26548e-06
881	3.21507e-06
882	3.09224e-06
883	3.35104e-06
884	3.22931e-06
885	3.28497e-06
886	3.25881e-06
887	3.38277e-06
888	3.1462e-06
889	3.22069e-06
890	3.1884e-06
891	3.40954e-06
892	3.28443e-06
893	3.1988e-06
894	3.04019e-06
895	3.30108e-06
896	3.14031e-06
897	3.21648e-06
898	3.18692e-06
899	3.42018e-06
900	3.28712e-06
901	3.23589e-06
902	3.10717e-06
903	3.35599e-06
904	3.25927e-06
905	3.31595e-06
906	3.25372e-06
907	3.36693e-06
908	3.1479e-06
909	3.24977e-06
910	3.22507e-06
911	3.42006e-06
912	3.29519e-06
913	3.20819e-06
914	3.03501e-06
915	3.28201e-06
916	3.14827e-06
917	3.23376e-06
918	3.20029e-06
919	3.41355e-06
920	3.28796e-06
921	3.24106e-06
922	3.12015e-06
923	3.37031e-06
924	3.24087e-06
925	3.30085e-06
926	3.24583e-06
927	3.34622e-06
928	3.13356e-06
929	3.24811e-06
930	3.22836e-06
931	3.41904e-06
932	3.29565e-06
933	3.21306e-06
934	3.05292e-06
935	3.29233e-06
936	3.13199e-06
937	3.23159e-06
938	3.18003e-06
939	3.3814e-06
940	3.27519e-06
941	3.24708e-06
942	3.11481e-06
943	3.35744e-06
944	3.23572e-06
945	3.29617e-06
946	3.25301e-06
947	3.36442e-06
948	3.13456e-06
949	3.23321e-06
950	3.18951e-06
951	3.40107e-06
952	3.30118e-06
953	3.21333e-06
954	3.0394e-06
955	3.28993e-06
956	3.13944e-06
957	3.21889e-06
958	3.1873e-06
959	3.41653e-06
960	3.27575e-06
961	3.22083e-06
962	3.09416e-06
963	3.34888e-06
964	3.2394e-06
965	3.29333e-06
966	3.25204e-06
967	3.36995e-06
968	3.1444e-06
969	3.22825e-06
970	3.18758e-06
971	3.4039e-06
972	3.29806e-06
973	3.20229e-06
974	3.04031e-06
975	3.31189e-06
976	3.13389e-06
977	3.22161e-06
978	3.16514e-06
979	3.3932e-06
980	3.27192e-06
981	3.22447e-06
982	3.10737e-06
983	3.35786e-06
984	3.23814e-06
985	3.27877e-06
986	3.23024e-06
987	3.34581e-06
988	3.13797e-06
989	3.22216e-06
990	3.19293e-06
991	3.40892e-06
992	3.28211e-06
993	3.18916e-06
994	3.01982e-06
995	3.28756e-06
996	3.15687e-06
997	3.23871e-06
998	3.19129e-06
999	3.40994e-06
1000	3.28898e-06
1001	3.22262e-06
1002	3.09573e-06
1003	3.34677e-06
1004	3.24147e-06
1005	3.28389e-06
1006	3.2502e-06
1007	3.3638e-06
1008	3.1378e-06
1009	3.22753e-06
1010	3.19968e-06
1011	3.41745e-06
1012	3.29196e-06
1013	3.19893e-06
1014	3.02889e-06
1015	3.28158e-06
1016	3.14145e-06
1017	3.22204e-06
1018	3.17787e-06
1019	3.41194e-06
1020	3.28099e-06
1021	3.22101e-06
1022	3.08176e-06
1023	3.33437e-06
1024	3.22466e-06
1025	3.28212e-06
1026	3.23179e-06
1027	3.34534e-06
1028	3.12863e-06
1029	3.22993e-06
1030	3.20597e-06
1031	3.40461e-06
1032	3.28448e-06
1033	3.20183e-06
1034	3.02236e-06
1035	3.27319e-06
1036	3.15504e-06
1037	3.24737e-06
1038	3.21029e-06
1039	3.4379e-06
1040	3.29706e-06
1041	3.25077e-06
1042	3.11882e-06
1043	3.37456e-06
1044	3.26403e-06
1045	3.31849e-06
1046	3.2744e-06
1047	3.39218e-06
1048	3.1613e-06
1049	3.24108e-06
1050	3.19453e-06
1051	3.40428e-06
1052	3.30656e-06
1053	3.22589e-06
1054	3.04844e-06
1055	3.28742e-06
1056	3.16321e-06
1057	3.25389e-06
1058	3.22188e-06
1059	3.44406e-06
1060	3.29692e-06
1061	3.24666e-06
1062	3.11326e-06
1063	3.37483e-06
1064	3.26557e-06
1065	3.31616e-06
1066	3.27167e-06
1067	3.39523e-06
1068	3.17201e-06
1069	3.2585e-06
1070	3.22029e-06
1071	3.44447e-06
1072	3.31706e-06
1073	3.21038e-06
1074	3.06277e-06
1075	3.32784e-06
1076	3.15662e-06
1077	3.22403e-06
1078	3.20435e-06
1079	3.44377e-06
1080	3.27765e-06
1081	3.21403e-06
1082	3.08539e-06
1083	3.34365e-06
1084	3.24092e-06
1085	3.29542e-06
1086	3.25681e-06
1087	3.37027e-06
1088	3.14005e-06
1089	3.22918e-06
1090	3.21313e-06
1091	3.42189e-06
1092	3.27996e-06
1093	3.19782e-06
1094	3.01107e-06
1095	3.2658e-06
1096	3.14669e-06
1097	3.24306e-06
1098	3.20551e-06
1099	3.41758e-06
1100	3.28605e-06
1101	3.24652e-06
1102	3.11967e-06
1103	3.36768e-06
1104	3.24045e-06
1105	3.29357e-06
1106	3.24774e-06
1107	3.35849e-06
1108	3.14013e-06
1109	3.23068e-06
1110	3.1893e-06
1111	3.39212e-06
1112	3.29957e-06
1113	3.21179e-06
1114	3.03917e-06
1115	3.29993e-06
1116	3.14945e-06
1117	3.2477e-06
1118	3.19133e-06
1119	3.4264e-06
1120	3.27932e-06
1121	3.2247e-06
1122	3.09944e-06
1123	3.35046e-06
1124	3.24729e-06
1125	3.29813e-06
1126	3.26647e-06
1127	3.38045e-06
1128	3.15377e-06
1129	3.24001e-06
1130	3.20445e-06
1131	3.42025e-06
1132	3.3068e-06
1133	3.20667e-06
1134	3.03961e-06
1135	3.3072e-06
1136	3.16323e-06
1137	3.24003e-06
1138	3.19234e-06
1139	3.41354e-06
1140	3.28745e-06
1141	3.21471e-06
1142	3.10449e-06
1143	3.36277e-06
1144	3.25e-06
1145	3.28047e-06
1146	3.25421e-06
1147	3.37682e-06
1148	3.13441e-06
1149	3.22332e-06
1150	3.19983e-06
1151	3.40583e-06
1152	3.27557e-06
1153	3.19267e-06
1154	3.03225e-06
1155	3.28935e-06
1156	3.133e-06
1157	3.21485e-06
1158	3.17538e-06
1159	3.40974e-06
1160	3.28065e-06
1161	3.2337e-06
1162	3.0989e-06
1163	3.34991e-06
1164	3.25465e-06
1165	3.31006e-06
1166	3.26068e-06
1167	3.37797e-06
1168	3.15246e-06
1169	3.24337e-06
1170	3.20579e-06
1171	3.41542e-06
1172	3.31668e-06
1173	3.2348e-06
1174	3.05596e-06
1175	3.30685e-06
1176	3.16423e-06
1177	3.24662e-06
1178	3.19642e-06
1179	3.42699e-06
1180	3.29973e-06
1181	3.24367e-06
1182	3.10807e-06
1183	3.36719e-06
1184	3.25074e-06
1185	3.3021e-06
1186	3.2614e-06
1187	3.37996e-06
1188	3.15352e-06
1189	3.2446e-06
1190	3.21386e-06
1191	3.42618e-06
1192	3.31145e-06
1193	3.21896e-06
1194	3.04861e-06
1195	3.29708e-06
1196	3.16092e-06
1197	3.24383e-06
1198	3.20098e-06
1199	3.43243e-06
1200	3.29198e-06
1201	3.24164e-06
1202	3.11374e-06
1203	3.36814e-06
1204	3.26163e-06
1205	3.3165e-06
1206	3.28072e-06
1207	3.39627e-06
1208	3.15795e-06
1209	3.24527e-06
1210	3.20556e-06
1211	3.41757e-06
1212	3.31248e-06
1213	3.22029e-06
1214	3.04912e-06
1215	3.3025e-06
1216	3.14158e-06
1217	3.21851e-06
1218	3.17512e-06
1219	3.39818e-06
1220	3.27633e-06
1221	3.23468e-06
1222	3.11266e-06
1223	3.368e-06
1224	3.24013e-06
1225	3.28426e-06
1226	3.2319e-06
1227	3.35136e-06
1228	3.14434e-06
1229	3.2329e-06
1230	3.1949e-06
1231	3.40743e-06
1232	3.29035e-06
1233	3.20137e-06
1234	3.02977e-06
1235	3.28991e-06
1236	3.14001e-06
1237	3.22699e-06
1238	3.18627e-06
1239	3.42298e-06
1240	3.29512e-06
1241	3.23279e-06
1242	3.11428e-06
1243	3.38791e-06
1244	3.25451e-06
1245	3.28479e-06
1246	3.24603e-06
1247	3.37788e-06
1248	3.1287e-06
1249	3.2126e-06
1250	3.1976e-06
1251	3.41229e-06
1252	3.28529e-06
1253	3.18482e-06
1254	3.03822e-06
1255	3.30717e-06
1256	3.15841e-06
1257	3.23128e-06
1258	3.18083e-06
1259	3.40451e-06
1260	3.28073e-06
1261	3.21695e-06
1262	3.0934e-06
1263	3.33295e-06
1264	3.24886e-06
1265	3.30409e-06
1266	3.2577e-06
1267	3.36459e-06
1268	3.13979e-06
1269	3.23694e-06
1270	3.20287e-06
1271	3.40825e-06
1272	3.29262e-06
1273	3.20624e-06
1274	3.04005e-06
1275	3.2842e-06
1276	3.13649e-06
1277	3.22137e-06
1278	3.17803e-06
1279	3.41043e-06
1280	3.27574e-06
1281	3.21946e-06
1282	3.08719e-06
1283	3.34559e-06
1284	3.24012e-06
1285	3.29549e-06
1286	3.26309e-06
1287	3.38372e-06
1288	3.14697e-06
1289	3.2365e-06
1290	3.20776e-06
1291	3.42396e-06
1292	3.30688e-06
1293	3.21644e-06
1294	3.04642e-06
1295	3.30093e-06
1296	3.15388e-06
1297	3.23017e-06
1298	3.18112e-06
1299	3.41289e-06
1300	3.29236e-06
1301	3.24187e-06
1302	3.10753e-06
1303	3.36141e-06
1304	3.23966e-06
1305	3.29152e-06
1306	3.25093e-06
1307	3.37036e-06
1308	3.13693e-06
1309	3.23086e-06
1310	3.20396e-06
1311	3.39868e-06
1312	3.28981e-06
1313	3.21048e-06
1314	3.03565e-06
1315	3.28434e-06
1316	3.15397e-06
1317	3.23642e-06
1318	3.19665e-06
1319	3.42962e-06
1320	3.29616e-06
1321	3.24258e-06
1322	3.09884e-06
1323	3.35849e-06
1324	3.24912e-06
1325	3.30516e-06
1326	3.2725e-06
1327	3.39048e-06
1328	3.14875e-06
1329	3.2307e-06
1330	3.194e-06
1331	3.40401e-06
1332	3.30127e-06
1333	3.21606e-06
1334	3.03211e-06
1335	3.27759e-06
1336	3.15484e-06
1337	3.23771e-06
1338	3.1988e-06
1339	3.42948e-06
1340	3.29088e-06
1341	3.22986e-06
1342	3.08279e-06
1343	3.34191e-06
1344	3.24183e-06
1345	3.30293e-06
1346	3.25722e-06
1347	3.36766e-06
1348	3.14995e-06
1349	3.2444e-06
1350	3.2142e-06
1351	3.41577e-06
1352	3.294e-06
1353	3.20438e-06
1354	3.01331e-06
1355	3.26381e-06
1356	3.14692e-06
1357	3.23798e-06
1358	3.19021e-06
1359	3.41486e-06
1360	3.27501e-06
1361	3.22219e-06
1362	3.09781e-06
1363	3.35172e-06
1364	3.22536e-06
1365	3.27275e-06
1366	3.23803e-06
1367	3.36292e-06
1368	3.12434e-06
1369	3.20703e-06
1370	3.16662e-06
1371	3.38029e-06
1372	3.29056e-06
1373	3.20341e-06
1374	3.02541e-06
1375	3.28129e-06
1376	3.15503e-06
1377	3.24184e-06
1378	3.20292e-06
1379	3.42308e-06
1380	3.28631e-06
1381	3.22297e-06
1382	3.10336e-06
1383	3.35216e-06
1384	3.24226e-06
1385	3.27936e-06
1386	3.25579e-06
1387	3.38459e-06
1388	3.14367e-06
1389	3.21598e-06
1390	3.1893e-06
1391	3.41525e-06
1392	3.26758e-06
1393	3.16977e-06
1394	3.02536e-06
1395	3.2877e-06
1396	3.11898e-06
1397	3.19089e-06
1398	3.15864e-06
1399	3.39034e-06
1400	3.26465e-06
1401	3.22237e-06
1402	3.09669e-06
1403	3.34258e-06
1404	3.24052e-06
1405	3.2977e-06
1406	3.24052e-06
1407	3.35943e-06
1408	3.13554e-06
1409	3.23619e-06
1410	3.20687e-06
1411	3.40194e-06
1412	3.29288e-06
1413	3.21372e-06
1414	3.04391e-06
1415	3.28523e-06
1416	3.14449e-06
1417	3.23814e-06
1418	3.20748e-06
1419	3.4127e-06
1420	3.27816e-06
1421	3.24791e-06
1422	3.10503e-06
1423	3.34253e-06
1424	3.24548e-06
1425	3.31108e-06
1426	3.25693e-06
1427	3.35175e-06
1428	3.14265e-06
1429	3.24392e-06
1430	3.20335e-06
1431	3.40163e-06
1432	3.28477e-06
1433	3.20878e-06
1434	3.03446e-06
1435	3.26445e-06
1436	3.1322e-06
1437	3.23177e-06
1438	3.19335e-06
1439	3.39432e-06
1440	3.26596e-06
1441	3.23178e-06
1442	3.09308e-06
1443	3.35292e-06
1444	3.23255e-06
1445	3.27641e-06
1446	3.22084e-06
1447	3.33808e-06
1448	3.12491e-06
1449	3.22051e-06
1450	3.20048e-06
1451	3.41164e-06
1452	3.29065e-06
1453	3.19801e-06
1454	3.0286e-06
1455	3.28324e-06
1456	3.13417e-06
1457	3.21747e-06
1458	3.17599e-06
1459	3.40837e-06
1460	3.27788e-06
1461	3.22313e-06
1462	3.09462e-06
1463	3.35336e-06
1464	3.23263e-06
1465	3.28089e-06
1466	3.24213e-06
1467	3.36327e-06
1468	3.13082e-06
1469	3.21968e-06
1470	3.19643e-06
1471	3.41402e-06
1472	3.29283e-06
1473	3.19116e-06
1474	3.03756e-06
1475	3.30751e-06
1476	3.14591e-06
1477	3.20755e-06
1478	3.16942e-06
1479	3.40597e-06
1480	3.27531e-06
1481	3.22441e-06
1482	3.10365e-06
1483	3.35462e-06
1484	3.23095e-06
1485	3.28768e-06
1486	3.23427e-06
1487	3.34221e-06
1488	3.13011e-06
1489	3.23647e-06
1490	3.21132e-06
1491	3.41751e-06
1492	3.28478e-06
1493	3.19171e-06
1494	3.02485e-06
1495	3.29008e-06
1496	3.13506e-06
1497	3.22853e-06
1498	3.17027e-06
1499	3.40344e-06
1500	3.273e-06
1501	3.20903e-06
1502	3.08178e-06
1503	3.33355e-06
1504	3.22375e-06
1505	3.26962e-06
1506	3.2326e-06
1507	3.34833e-06
1508	3.12326e-06
1509	3.21423e-06
1510	3.19145e-06
1511	3.38758e-06
1512	3.27009e-06
1513	3.18432e-06
1514	3.00922e-06
1515	3.26118e-06
1516	3.12913e-06
1517	3.21268e-06
1518	3.16487e-06
1519	3.39296e-06
1520	3.25767e-06
1521	3.20838e-06
1522	3.08661e-06
1523	3.34194e-06
1524	3.21788e-06
1525	3.26732e-06
1526	3.2274e-06
1527	3.34798e-06
1528	3.11563e-06
1529	3.20162e-06
1530	3.16048e-06
1531	3.37231e-06
1532	3.28129e-06
1533	3.19637e-06
1534	3.02134e-06
1535	3.26817e-06
1536	3.12574e-06
1537	3.2109e-06
1538	3.18338e-06
1539	3.41497e-06
1540	3.26973e-06
1541	3.21468e-06
1542	3.0761e-06
1543	3.33517e-06
1544	3.23333e-06
1545	3.2794e-06
1546	3.24395e-06
1547	3.37746e-06
1548	3.1393e-06
1549	3.21791e-06
1550	3.19162e-06
1551	3.42121e-06
1552	3.27507e-06
1553	3.17163e-06
1554	3.01591e-06
1555	3.28101e-06
1556	3.1509e-06
1557	3.23356e-06
1558	3.19676e-06
1559	3.41768e-06
1560	3.28333e-06
1561	3.20801e-06
1562	3.08157e-06
1563	3.33918e-06
1564	3.23216e-06
1565	3.27737e-06
1566	3.23552e-06
1567	3.34669e-06
1568	3.12809e-06
1569	3.22336e-06
1570	3.19168e-06
1571	3.40249e-06
1572	3.28679e-06
1573	3.1984e-06
1574	3.03917e-06
1575	3.28732e-06
1576	3.13871e-06
1577	3.22374e-06
1578	3.17653e-06
1579	3.40394e-06
1580	3.2874e-06
1581	3.23403e-06
1582	3.0985e-06
1583	3.35015e-06
1584	3.23796e-06
1585	3.29314e-06
1586	3.24816e-06
1587	3.36687e-06
1588	3.14297e-06
1589	3.23725e-06
1590	3.19886e-06
1591	3.39773e-06
1592	3.30045e-06
1593	3.21843e-06
1594	3.03594e-06
1595	3.28464e-06
1596	3.15443e-06
1597	3.24153e-06
1598	3.19779e-06
1599	3.42954e-06
1600	3.28567e-06
1601	3.23642e-06
1602	3.10959e-06
1603	3.36609e-06
1604	3.24759e-06
1605	3.29115e-06
1606	3.26978e-06
1607	3.40164e-06
1608	3.14776e-06
1609	3.22078e-06
1610	3.19197e-06
1611	3.41583e-06
1612	3.2906e-06
1613	3.19614e-06
1614	3.0375e-06
1615	3.30013e-06
1616	3.13333e-06
1617	3.20419e-06
1618	3.16785e-06
1619	3.40001e-06
1620	3.27589e-06
1621	3.23009e-06
1622	3.09922e-06
1623	3.34791e-06
1624	3.24409e-06
1625	3.29816e-06
1626	3.23906e-06
1627	3.35719e-06
1628	3.14374e-06
1629	3.23545e-06
1630	3.19037e-06
1631	3.40308e-06
1632	3.29134e-06
1633	3.20179e-06
1634	3.03937e-06
1635	3.28506e-06
1636	3.13614e-06
1637	3.22035e-06
1638	3.18145e-06
1639	3.40773e-06
1640	3.26807e-06
1641	3.21434e-06
1642	3.08009e-06
1643	3.3357e-06
1644	3.23215e-06
1645	3.28155e-06
1646	3.23663e-06
1647	3.35748e-06
1648	3.12898e-06
1649	3.21956e-06
1650	3.18831e-06
1651	3.40623e-06
1652	3.2842e-06
1653	3.18013e-06
1654	3.02165e-06
1655	3.28601e-06
1656	3.13519e-06
1657	3.2039e-06
1658	3.17524e-06
1659	3.41747e-06
1660	3.26798e-06
1661	3.21041e-06
1662	3.07705e-06
1663	3.33929e-06
1664	3.22461e-06
1665	3.27887e-06
1666	3.25413e-06
1667	3.37642e-06
1668	3.13219e-06
1669	3.21091e-06
1670	3.17885e-06
1671	3.39885e-06
1672	3.27589e-06
1673	3.18266e-06
1674	3.02994e-06
1675	3.31033e-06
1676	3.12977e-06
1677	3.20444e-06
1678	3.14176e-06
1679	3.37397e-06
1680	3.26586e-06
1681	3.22508e-06
1682	3.11212e-06
1683	3.35759e-06
1684	3.23655e-06
1685	3.28368e-06
1686	3.23081e-06
1687	3.34294e-06
1688	3.1406e-06
1689	3.23087e-06
1690	3.19182e-06
1691	3.40148e-06
1692	3.29223e-06
1693	3.19737e-06
1694	3.01425e-06
1695	3.28113e-06
1696	3.14678e-06
1697	3.22916e-06
1698	3.17816e-06
1699	3.39331e-06
1700	3.28186e-06
1701	3.22413e-06
1702	3.10223e-06
1703	3.34763e-06
1704	3.24337e-06
1705	3.28649e-06
1706	3.24345e-06
1707	3.35995e-06
1708	3.13312e-06
1709	3.22532e-06
1710	3.19194e-06
1711	3.38775e-06
1712	3.28074e-06
1713	3.20347e-06
1714	3.03404e-06
1715	3.27994e-06
1716	3.14286e-06
1717	3.23308e-06
1718	3.19449e-06
1719	3.42205e-06
1720	3.29006e-06
1721	3.24135e-06
1722	3.10138e-06
1723	3.36259e-06
1724	3.24776e-06
1725	3.30366e-06
1726	3.27106e-06
1727	3.38629e-06
1728	3.15433e-06
1729	3.2415e-06
1730	3.21557e-06
1731	3.4318e-06
1732	3.31081e-06
1733	3.22033e-06
1734	3.04592e-06
1735	3.30431e-06
1736	3.16136e-06
1737	3.23894e-06
1738	3.19623e-06
1739	3.42521e-06
1740	3.30235e-06
1741	3.25228e-06
1742	3.1323e-06
1743	3.38456e-06
1744	3.26166e-06
1745	3.31235e-06
1746	3.27197e-06
1747	3.39159e-06
1748	3.15676e-06
1749	3.24632e-06
1750	3.2109e-06
1751	3.42488e-06
1752	3.31867e-06
1753	3.22329e-06
1754	3.05329e-06
1755	3.30472e-06
1756	3.14851e-06
1757	3.22822e-06
1758	3.19519e-06
1759	3.42275e-06
1760	3.2795e-06
1761	3.22405e-06
1762	3.10056e-06
1763	3.35264e-06
1764	3.2406e-06
1765	3.29509e-06
1766	3.25401e-06
1767	3.37069e-06
1768	3.15104e-06
1769	3.2421e-06
1770	3.20605e-06
1771	3.40944e-06
1772	3.29435e-06
1773	3.20236e-06
1774	3.04527e-06
1775	3.30559e-06
1776	3.14497e-06
1777	3.22065e-06
1778	3.20654e-06
1779	3.44356e-06
1780	3.27728e-06
1781	3.22484e-06
1782	3.09347e-06
1783	3.35468e-06
1784	3.24273e-06
1785	3.29797e-06
1786	3.26749e-06
1787	3.39203e-06
1788	3.1436e-06
1789	3.221e-06
1790	3.19247e-06
1791	3.40807e-06
1792	3.28578e-06
1793	3.19951e-06
1794	3.0454e-06
1795	3.30241e-06
1796	3.13349e-06
1797	3.20421e-06
1798	3.16298e-06
1799	3.39354e-06
1800	3.28124e-06
1801	3.23588e-06
1802	3.10484e-06
1803	3.35487e-06
1804	3.23772e-06
1805	3.29319e-06
1806	3.25559e-06
1807	3.3725e-06
1808	3.13815e-06
1809	3.22702e-06
1810	3.19347e-06
1811	3.40431e-06
1812	3.28692e-06
1813	3.18917e-06
1814	3.03279e-06
1815	3.30439e-06
1816	3.15904e-06
1817	3.21796e-06
1818	3.18084e-06
1819	3.40711e-06
1820	3.27533e-06
1821	3.21019e-06
1822	3.09661e-06
1823	3.36012e-06
1824	3.22826e-06
1825	3.26588e-06
1826	3.24135e-06
1827	3.35403e-06
1828	3.13011e-06
1829	3.21675e-06
1830	3.2083e-06
1831	3.42667e-06
1832	3.29487e-06
1833	3.20057e-06
1834	3.01983e-06
1835	3.28057e-06
1836	3.13741e-06
1837	3.22361e-06
1838	3.18103e-06
1839	3.40088e-06
1840	3.28195e-06
1841	3.24366e-06
1842	3.11622e-06
1843	3.36383e-06
1844	3.24534e-06
1845	3.30035e-06
1846	3.24644e-06
1847	3.36409e-06
1848	3.14394e-06
1849	3.23516e-06
1850	3.19611e-06
1851	3.41189e-06
1852	3.29814e-06
1853	3.20518e-06
1854	3.04341e-06
1855	3.29314e-06
1856	3.14348e-06
1857	3.22737e-06
1858	3.19456e-06
1859	3.42784e-06
1860	3.27931e-06
1861	3.22374e-06
1862	3.08925e-06
1863	3.34453e-06
1864	3.25363e-06
1865	3.30891e-06
1866	3.25612e-06
1867	3.37026e-06
1868	3.1544e-06
1869	3.24842e-06
1870	3.21256e-06
1871	3.41651e-06
1872	3.28788e-06
1873	3.1995e-06
1874	3.02163e-06
1875	3.26417e-06
1876	3.14082e-06
1877	3.23759e-06
1878	3.1991e-06
1879	3.39676e-06
1880	3.28523e-06
1881	3.25799e-06
1882	3.12398e-06
1883	3.3601e-06
1884	3.24265e-06
1885	3.30437e-06
1886	3.24381e-06
1887	3.34398e-06
1888	3.13671e-06
1889	3.25094e-06
1890	3.22028e-06
1891	3.41018e-06
1892	3.28967e-06
1893	3.21585e-06
1894	3.04712e-06
1895	3.28084e-06
1896	3.13179e-06
1897	3.22989e-06
1898	3.18097e-06
1899	3.38586e-06
1900	3.28109e-06
1901	3.24911e-06
1902	3.11598e-06
1903	3.36877e-06
1904	3.23639e-06
1905	3.28359e-06
1906	3.24413e-06
1907	3.36092e-06
1908	3.12825e-06
1909	3.21215e-06
1910	3.18232e-06
1911	3.3929e-06
1912	3.28601e-06
1913	3.19945e-06
1914	3.02627e-06
1915	3.27809e-06
1916	3.13312e-06
1917	3.21388e-06
1918	3.16771e-06
1919	3.39981e-06
1920	3.26716e-06
1921	3.20756e-06
1922	3.06818e-06
1923	3.32504e-06
1924	3.22565e-06
1925	3.28235e-06
1926	3.24087e-06
1927	3.35504e-06
1928	3.12768e-06
1929	3.22149e-06
1930	3.18441e-06
1931	3.38574e-06
1932	3.27139e-06
1933	3.18349e-06
1934	3.01052e-06
1935	3.27444e-06
1936	3.12652e-06
1937	3.23181e-06
1938	3.18246e-06
1939	3.40788e-06
1940	3.26785e-06
1941	3.2166e-06
1942	3.09098e-06
1943	3.34119e-06
1944	3.22532e-06
1945	3.27186e-06
1946	3.23241e-06
1947	3.34575e-06
1948	3.12383e-06
1949	3.20393e-06
1950	3.16333e-06
1951	3.37944e-06
1952	3.28387e-06
1953	3.19334e-06
1954	3.01578e-06
1955	3.27874e-06
1956	3.1396e-06
1957	3.22083e-06
1958	3.1726e-06
1959	3.38834e-06
1960	3.26785e-06
1961	3.20966e-06
1962	3.09585e-06
1963	3.34295e-06
1964	3.22776e-06
1965	3.26956e-06
1966	3.22156e-06
1967	3.33996e-06
1968	3.12855e-06
1969	3.21699e-06
1970	3.18174e-06
1971	3.40211e-06
1972	3.27445e-06
1973	3.1791e-06
1974	3.01499e-06
1975	3.26998e-06
1976	3.12451e-06
1977	3.20629e-06
1978	3.17754e-06
1979	3.40664e-06
1980	3.26676e-06
1981	3.21572e-06
1982	3.0834e-06
1983	3.34224e-06
1984	3.23437e-06
1985	3.2821e-06
1986	3.24057e-06
1987	3.36091e-06
1988	3.13307e-06
1989	3.22466e-06
1990	3.19913e-06
1991	3.41935e-06
1992	3.29591e-06
1993	3.19538e-06
1994	3.05109e-06
1995	3.31584e-06
1996	3.14847e-06
1997	3.22284e-06
1998	3.197e-06
1999	3.44005e-06
2000	3.2874e-06
