1	0.0796977
2	0.0193916
3	0.00491729
4	0.00298841
5	0.00227265
6	0.00181454
7	0.00150631
8	0.00125234
9	0.00113564
10	0.00104633
11	0.00101946
12	0.00100266
13	0.000984652
14	0.000953555
15	0.000927709
16	0.000944848
17	0.000946491
18	0.000924787
19	0.000893765
20	0.000878901
21	0.000861259
22	0.000852632
23	0.000836122
24	0.000787704
25	0.000745823
26	0.000703176
27	0.000654243
28	0.000619069
29	0.000591042
30	0.000566076
31	0.00056477
32	0.00054924
33	0.000531606
34	0.000527122
35	0.000500736
36	0.00049102
37	0.000487239
38	0.000490804
39	0.000487031
40	0.00050164
41	0.000509732
42	0.000524164
43	0.00053428
44	0.000561459
45	0.000580759
46	0.000611704
47	0.0006353
48	0.000660381
49	0.000682308
50	0.000710184
51	0.000716012
52	0.000731148
53	0.000747841
54	0.000761449
55	0.000772475
56	0.00077865
57	0.000787353
58	0.000792102
59	0.000798164
60	0.000790541
61	0.000781947
62	0.000759428
63	0.000740071
64	0.000731263
65	0.000717952
66	0.000710474
67	0.000702704
68	0.000693815
69	0.000690701
70	0.000685607
71	0.000669482
72	0.000663219
73	0.000652101
74	0.000638401
75	0.000636148
76	0.000637187
77	0.000638437
78	0.00063365
79	0.000627691
80	0.000625432
81	0.000616882
82	0.000617678
83	0.000613578
84	0.000603835
85	0.000596027
86	0.000588821
87	0.000579442
88	0.000567741
89	0.00055717
90	0.000543923
91	0.000529894
92	0.000516448
93	0.000507605
94	0.000503349
95	0.000507352
96	0.000525991
97	0.000548059
98	0.000574253
99	0.000595459
100	0.000625856
101	0.000631983
102	0.000629018
103	0.00062893
104	0.000620125
105	0.000613791
106	0.000594917
107	0.0005844
108	0.000562856
109	0.000548305
110	0.000521286
111	0.000493758
112	0.000467144
113	0.000442328
114	0.000419628
115	0.000400921
116	0.00039198
117	0.000393132
118	0.00039038
119	0.000398261
120	0.00040429
121	0.000412846
122	0.000419826
123	0.000427608
124	0.000434252
125	0.000435979
126	0.00043621
127	0.000433999
128	0.000433299
129	0.00042988
130	0.000429375
131	0.000427394
132	0.000423174
133	0.000419723
134	0.000420252
135	0.000419019
136	0.000420294
137	0.00041914
138	0.000420967
139	0.000422182
140	0.000421745
141	0.000420755
142	0.000419012
143	0.000415296
144	0.000412939
145	0.000410644
146	0.000408326
147	0.000405729
148	0.000402742
149	0.000400502
150	0.000393815
151	0.000391081
152	0.00038546
153	0.000375401
154	0.000367264
155	0.000358796
156	0.000350055
157	0.000341023
158	0.000332686
159	0.000325295
160	0.000321211
161	0.000314644
162	0.000313238
163	0.000310661
164	0.000312013
165	0.000312639
166	0.000316288
167	0.000320753
168	0.000326759
169	0.000328567
170	0.000332554
171	0.00033461
172	0.000337319
173	0.000339449
174	0.000336981
175	0.000336651
176	0.000334085
177	0.000327339
178	0.000325872
179	0.000321284
180	0.000318909
181	0.000316045
182	0.000316457
183	0.000312036
184	0.00031284
185	0.000306168
186	0.000304961
187	0.00030042
188	0.000299315
189	0.000295711
190	0.000291148
191	0.000285965
192	0.000282685
193	0.000279974
194	0.000279159
195	0.000272789
196	0.000272751
197	0.000267122
198	0.000268272
199	0.000265735
200	0.000262068
201	0.000262199
202	0.000261777
203	0.000260085
204	0.000259722
205	0.000260786
206	0.000262038
207	0.00026052
208	0.000259951
209	0.000260417
210	0.000258536
211	0.000258401
212	0.000252511
213	0.000250199
214	0.000252123
215	0.00024968
216	0.00025333
217	0.000250623
218	0.000251277
219	0.000249841
220	0.000249459
221	0.000243833
222	0.000239596
223	0.000236793
224	0.000230398
225	0.000230221
226	0.00022498
227	0.000223894
228	0.00021898
229	0.000217812
230	0.000210701
231	0.000208532
232	0.000204734
233	0.00020325
234	0.000198986
235	0.000197105
236	0.000193252
237	0.000191008
238	0.000187766
239	0.000185956
240	0.000182843
241	0.000179826
242	0.000178525
243	0.000175181
244	0.000171909
245	0.0001685
246	0.000164168
247	0.000161295
248	0.000156879
249	0.000151337
250	0.000147924
251	0.000141785
252	0.000137701
253	0.000132234
254	0.000127595
255	0.000123601
256	0.000119799
257	0.000115774
258	0.000114503
259	0.000111495
260	0.000109061
261	0.000108052
262	0.000105166
263	0.000102884
264	0.000100793
265	9.93778e-05
266	9.75365e-05
267	9.77745e-05
268	9.68203e-05
269	9.31196e-05
270	9.29652e-05
271	9.09474e-05
272	9.07236e-05
273	8.96333e-05
274	8.86741e-05
275	8.58761e-05
276	8.53718e-05
277	8.294e-05
278	8.25803e-05
279	8.12717e-05
280	7.96201e-05
281	7.80126e-05
282	7.72e-05
283	7.60577e-05
284	7.5521e-05
285	7.37709e-05
286	7.31687e-05
287	7.25322e-05
288	7.18813e-05
289	7.03222e-05
290	6.8921e-05
291	6.83579e-05
292	6.68664e-05
293	6.56792e-05
294	6.45725e-05
295	6.30936e-05
296	6.15347e-05
297	6.03123e-05
298	5.85771e-05
299	5.71527e-05
300	5.55137e-05
301	5.37047e-05
302	5.22647e-05
303	5.057e-05
304	4.85434e-05
305	4.66527e-05
306	4.48628e-05
307	4.28445e-05
308	4.1004e-05
309	3.90902e-05
310	3.73892e-05
311	3.53184e-05
312	3.35431e-05
313	3.18954e-05
314	3.04112e-05
315	2.9103e-05
316	2.79702e-05
317	2.69817e-05
318	2.60255e-05
319	2.52155e-05
320	2.45562e-05
321	2.40251e-05
322	2.34932e-05
323	2.31522e-05
324	2.28516e-05
325	2.26015e-05
326	2.24486e-05
327	2.2303e-05
328	2.21266e-05
329	2.19458e-05
330	2.17337e-05
331	2.15945e-05
332	2.14156e-05
333	2.11167e-05
334	2.09393e-05
335	2.05461e-05
336	2.0375e-05
337	2.00766e-05
338	1.98632e-05
339	1.96027e-05
340	1.93082e-05
341	1.90622e-05
342	1.87814e-05
343	1.85203e-05
344	1.82805e-05
345	1.80616e-05
346	1.7857e-05
347	1.76363e-05
348	1.73799e-05
349	1.71234e-05
350	1.68304e-05
351	1.65453e-05
352	1.62151e-05
353	1.59007e-05
354	1.55377e-05
355	1.51936e-05
356	1.48366e-05
357	1.44835e-05
358	1.41007e-05
359	1.37459e-05
360	1.33575e-05
361	1.29669e-05
362	1.25602e-05
363	1.21575e-05
364	1.17322e-05
365	1.13169e-05
366	1.08832e-05
367	1.04551e-05
368	1.00183e-05
369	9.5868e-06
370	9.16855e-06
371	8.75898e-06
372	8.3473e-06
373	7.94919e-06
374	7.56187e-06
375	7.19917e-06
376	6.87486e-06
377	6.59585e-06
378	6.33525e-06
379	6.11442e-06
380	5.91269e-06
381	5.73511e-06
382	5.57879e-06
383	5.45034e-06
384	5.3161e-06
385	5.22006e-06
386	5.12976e-06
387	5.05982e-06
388	4.98011e-06
389	4.9338e-06
390	4.87129e-06
391	4.81767e-06
392	4.7415e-06
393	4.68011e-06
394	4.60678e-06
395	4.54295e-06
396	4.45566e-06
397	4.38031e-06
398	4.30335e-06
399	4.22573e-06
400	4.13462e-06
401	4.05746e-06
402	3.98e-06
403	3.90585e-06
404	3.82638e-06
405	3.75973e-06
406	3.68727e-06
407	3.62192e-06
408	3.54751e-06
409	3.4973e-06
410	3.43661e-06
411	3.38447e-06
412	3.32249e-06
413	3.27158e-06
414	3.21557e-06
415	3.15649e-06
416	3.08532e-06
417	3.02516e-06
418	2.95722e-06
419	2.89014e-06
420	2.80924e-06
421	2.74122e-06
422	2.66523e-06
423	2.59376e-06
424	2.50836e-06
425	2.43771e-06
426	2.35703e-06
427	2.2837e-06
428	2.19814e-06
429	2.13035e-06
430	2.05105e-06
431	1.9847e-06
432	1.90442e-06
433	1.8387e-06
434	1.7682e-06
435	1.7095e-06
436	1.63868e-06
437	1.58406e-06
438	1.525e-06
439	1.47696e-06
440	1.41605e-06
441	1.37115e-06
442	1.32523e-06
443	1.29521e-06
444	1.25485e-06
445	1.23232e-06
446	1.20607e-06
447	1.18901e-06
448	1.15967e-06
449	1.1454e-06
450	1.1256e-06
451	1.1141e-06
452	1.0872e-06
453	1.07186e-06
454	1.05253e-06
455	1.04109e-06
456	1.01435e-06
457	1.0022e-06
458	9.85271e-07
459	9.73591e-07
460	9.48224e-07
461	9.34916e-07
462	9.17158e-07
463	9.06444e-07
464	8.83758e-07
465	8.73496e-07
466	8.57922e-07
467	8.48723e-07
468	8.26803e-07
469	8.19008e-07
470	8.05322e-07
471	7.98007e-07
472	7.76561e-07
473	7.66057e-07
474	7.50009e-07
475	7.40699e-07
476	7.17589e-07
477	7.07865e-07
478	6.91772e-07
479	6.81828e-07
480	6.56546e-07
481	6.43188e-07
482	6.25405e-07
483	6.15954e-07
484	5.91096e-07
485	5.81765e-07
486	5.64856e-07
487	5.53002e-07
488	5.28376e-07
489	5.1834e-07
490	5.02025e-07
491	4.9316e-07
492	4.70363e-07
493	4.59526e-07
494	4.44582e-07
495	4.37516e-07
496	4.15837e-07
497	4.07925e-07
498	3.95241e-07
499	3.89556e-07
500	3.70902e-07
501	3.64427e-07
502	3.53829e-07
503	3.49966e-07
504	3.32864e-07
505	3.29799e-07
506	3.21086e-07
507	3.17044e-07
508	3.00954e-07
509	2.98717e-07
510	2.92008e-07
511	2.91296e-07
512	2.76108e-07
513	2.71987e-07
514	2.65121e-07
515	2.65203e-07
516	2.51319e-07
517	2.51733e-07
518	2.45821e-07
519	2.46145e-07
520	2.31719e-07
521	2.29458e-07
522	2.23679e-07
523	2.25399e-07
524	2.12205e-07
525	2.11863e-07
526	2.06976e-07
527	2.06766e-07
528	1.93258e-07
529	1.93736e-07
530	1.89819e-07
531	1.91329e-07
532	1.78535e-07
533	1.77284e-07
534	1.72588e-07
535	1.75016e-07
536	1.63406e-07
537	1.65781e-07
538	1.62967e-07
539	1.65424e-07
540	1.53727e-07
541	1.53264e-07
542	1.50653e-07
543	1.54946e-07
544	1.44301e-07
545	1.4689e-07
546	1.45382e-07
547	1.47682e-07
548	1.36163e-07
549	1.39113e-07
550	1.38344e-07
551	1.42209e-07
552	1.31058e-07
553	1.3209e-07
554	1.30255e-07
555	1.35214e-07
556	1.25778e-07
557	1.30316e-07
558	1.30442e-07
559	1.35333e-07
560	1.2486e-07
561	1.26697e-07
562	1.26138e-07
563	1.31534e-07
564	1.22618e-07
565	1.27693e-07
566	1.26976e-07
567	1.30358e-07
568	1.21099e-07
569	1.26307e-07
570	1.26214e-07
571	1.31653e-07
572	1.23213e-07
573	1.26032e-07
574	1.25111e-07
575	1.3112e-07
576	1.22265e-07
577	1.26679e-07
578	1.26532e-07
579	1.32484e-07
580	1.23744e-07
581	1.26544e-07
582	1.25844e-07
583	1.31537e-07
584	1.23082e-07
585	1.27815e-07
586	1.2705e-07
587	1.30647e-07
588	1.21668e-07
589	1.26333e-07
590	1.26369e-07
591	1.32167e-07
592	1.22854e-07
593	1.24487e-07
594	1.23351e-07
595	1.29093e-07
596	1.20528e-07
597	1.25491e-07
598	1.25118e-07
599	1.30113e-07
600	1.21076e-07
601	1.23962e-07
602	1.23162e-07
603	1.2874e-07
604	1.19894e-07
605	1.23796e-07
606	1.23207e-07
607	1.27388e-07
608	1.17852e-07
609	1.2183e-07
610	1.21274e-07
611	1.26799e-07
612	1.17696e-07
613	1.19515e-07
614	1.17969e-07
615	1.23196e-07
616	1.14073e-07
617	1.18401e-07
618	1.17815e-07
619	1.22831e-07
620	1.13558e-07
621	1.16156e-07
622	1.14798e-07
623	1.19894e-07
624	1.11193e-07
625	1.15182e-07
626	1.14363e-07
627	1.1801e-07
628	1.08047e-07
629	1.11646e-07
630	1.11272e-07
631	1.16785e-07
632	1.06892e-07
633	1.08518e-07
634	1.07702e-07
635	1.12843e-07
636	1.03006e-07
637	1.07247e-07
638	1.07635e-07
639	1.1242e-07
640	1.02477e-07
641	1.04943e-07
642	1.04819e-07
643	1.10136e-07
644	1.01138e-07
645	1.05504e-07
646	1.05687e-07
647	1.09287e-07
648	9.95007e-08
649	1.0367e-07
650	1.03133e-07
651	1.08588e-07
652	9.96759e-08
653	1.02431e-07
654	1.01461e-07
655	1.06497e-07
656	9.75074e-08
657	1.0284e-07
658	1.01988e-07
659	1.07048e-07
660	9.80162e-08
661	1.00835e-07
662	9.95687e-08
663	1.05673e-07
664	9.70367e-08
665	1.01782e-07
666	1.00655e-07
667	1.0419e-07
668	9.4894e-08
669	9.97054e-08
670	9.84619e-08
671	1.03718e-07
672	9.51741e-08
673	9.79972e-08
674	9.61062e-08
675	1.01261e-07
676	9.24945e-08
677	9.6963e-08
678	9.60161e-08
679	1.01569e-07
680	9.30035e-08
681	9.59804e-08
682	9.43243e-08
683	1.00016e-07
684	9.18095e-08
685	9.61743e-08
686	9.41638e-08
687	9.76603e-08
688	8.93937e-08
689	9.45931e-08
690	9.26279e-08
691	9.7561e-08
692	8.96854e-08
693	9.22592e-08
694	8.95521e-08
695	9.51763e-08
696	8.68332e-08
697	9.14904e-08
698	8.99305e-08
699	9.54205e-08
700	8.70376e-08
701	9.00266e-08
702	8.86581e-08
703	9.37564e-08
704	8.56713e-08
705	9.05576e-08
706	8.83816e-08
707	9.21337e-08
708	8.35407e-08
709	8.82017e-08
710	8.67159e-08
711	9.26327e-08
712	8.40725e-08
713	8.59401e-08
714	8.42375e-08
715	8.98589e-08
716	8.21312e-08
717	8.64566e-08
718	8.47995e-08
719	8.98692e-08
720	8.18481e-08
721	8.49477e-08
722	8.30506e-08
723	8.84928e-08
724	8.05389e-08
725	8.46115e-08
726	8.28068e-08
727	8.70494e-08
728	7.88604e-08
729	8.34416e-08
730	8.20176e-08
731	8.77674e-08
732	7.9397e-08
733	8.1496e-08
734	7.92462e-08
735	8.46685e-08
736	7.66974e-08
737	8.18235e-08
738	8.03307e-08
739	8.56977e-08
740	7.76094e-08
741	8.04506e-08
742	7.99574e-08
743	8.56898e-08
744	7.72542e-08
745	8.13783e-08
746	8.10382e-08
747	8.46789e-08
748	7.56849e-08
749	8.05464e-08
750	8.0478e-08
751	8.56953e-08
752	7.68903e-08
753	7.93805e-08
754	7.83587e-08
755	8.38836e-08
756	7.50946e-08
757	7.93484e-08
758	7.94948e-08
759	8.5337e-08
760	7.66021e-08
761	7.91988e-08
762	7.87851e-08
763	8.43865e-08
764	7.60243e-08
765	8.05681e-08
766	7.98882e-08
767	8.34226e-08
768	7.45016e-08
769	7.96034e-08
770	7.95495e-08
771	8.48064e-08
772	7.58037e-08
773	7.75205e-08
774	7.67399e-08
775	8.29075e-08
776	7.37793e-08
777	7.82604e-08
778	7.91021e-08
779	8.42147e-08
780	7.44312e-08
781	7.6838e-08
782	7.67686e-08
783	8.23368e-08
784	7.33433e-08
785	7.82037e-08
786	7.8375e-08
787	8.1675e-08
788	7.17442e-08
789	7.57847e-08
790	7.63377e-08
791	8.20412e-08
792	7.3302e-08
793	7.56083e-08
794	7.48092e-08
795	8.00524e-08
796	7.1577e-08
797	7.62937e-08
798	7.60695e-08
799	8.11383e-08
800	7.27335e-08
801	7.54086e-08
802	7.47261e-08
803	8.07763e-08
804	7.25712e-08
805	7.68731e-08
806	7.62961e-08
807	8.03115e-08
808	7.1137e-08
809	7.56003e-08
810	7.56537e-08
811	8.09729e-08
812	7.23552e-08
813	7.47435e-08
814	7.34271e-08
815	7.88328e-08
816	7.05714e-08
817	7.57804e-08
818	7.58657e-08
819	8.092e-08
820	7.18478e-08
821	7.39815e-08
822	7.36327e-08
823	7.99546e-08
824	7.13417e-08
825	7.57791e-08
826	7.61017e-08
827	7.97087e-08
828	6.97883e-08
829	7.41014e-08
830	7.44982e-08
831	7.97782e-08
832	7.04997e-08
833	7.34389e-08
834	7.32975e-08
835	7.916e-08
836	6.89934e-08
837	7.2991e-08
838	7.30432e-08
839	7.89274e-08
840	7.05856e-08
841	7.37283e-08
842	7.35721e-08
843	7.92843e-08
844	7.09745e-08
845	7.48415e-08
846	7.44206e-08
847	7.80674e-08
848	6.95175e-08
849	7.43532e-08
850	7.41632e-08
851	7.93012e-08
852	7.07857e-08
853	7.34476e-08
854	7.21755e-08
855	7.76324e-08
856	6.977e-08
857	7.40294e-08
858	7.39281e-08
859	7.95446e-08
860	7.09134e-08
861	7.32442e-08
862	7.28403e-08
863	7.83424e-08
864	7.03792e-08
865	7.51633e-08
866	7.476e-08
867	7.8225e-08
868	6.93496e-08
869	7.37933e-08
870	7.29444e-08
871	7.94091e-08
872	7.05503e-08
873	7.27031e-08
874	7.22873e-08
875	7.77046e-08
876	6.87619e-08
877	7.40369e-08
878	7.48239e-08
879	7.98376e-08
880	7.02884e-08
881	7.31432e-08
882	7.29891e-08
883	7.86444e-08
884	7.00655e-08
885	7.49204e-08
886	7.55176e-08
887	7.9349e-08
888	6.92939e-08
889	7.33248e-08
890	7.38857e-08
891	7.93164e-08
892	7.05297e-08
893	7.34186e-08
894	7.31101e-08
895	7.83847e-08
896	6.92663e-08
897	7.43035e-08
898	7.48261e-08
899	7.99555e-08
900	7.11829e-08
901	7.37914e-08
902	7.33872e-08
903	7.94156e-08
904	7.14323e-08
905	7.60696e-08
906	7.5542e-08
907	7.89237e-08
908	7.03238e-08
909	7.56403e-08
910	7.46362e-08
911	8.01773e-08
912	7.17167e-08
913	7.41488e-08
914	7.28313e-08
915	7.83291e-08
916	7.00574e-08
917	7.50027e-08
918	7.45944e-08
919	8.04023e-08
920	7.14567e-08
921	7.44669e-08
922	7.35062e-08
923	7.96935e-08
924	7.09746e-08
925	7.52111e-08
926	7.3878e-08
927	7.78396e-08
928	6.94546e-08
929	7.50767e-08
930	7.43306e-08
931	7.93906e-08
932	7.08152e-08
933	7.3952e-08
934	7.22383e-08
935	7.75877e-08
936	6.92101e-08
937	7.39595e-08
938	7.3165e-08
939	7.91009e-08
940	7.08733e-08
941	7.42276e-08
942	7.38706e-08
943	7.88528e-08
944	7.08186e-08
945	7.59292e-08
946	7.53606e-08
947	7.85416e-08
948	6.95671e-08
949	7.39759e-08
950	7.40067e-08
951	7.98272e-08
952	7.1178e-08
953	7.3371e-08
954	7.22761e-08
955	7.77365e-08
956	6.92225e-08
957	7.41496e-08
958	7.42192e-08
959	7.94584e-08
960	7.05818e-08
961	7.32836e-08
962	7.2544e-08
963	7.84663e-08
964	7.04744e-08
965	7.49862e-08
966	7.47585e-08
967	7.87146e-08
968	6.9417e-08
969	7.34887e-08
970	7.35834e-08
971	7.95522e-08
972	7.08144e-08
973	7.29184e-08
974	7.20909e-08
975	7.8228e-08
976	6.89453e-08
977	7.36315e-08
978	7.33683e-08
979	7.8886e-08
980	7.04126e-08
981	7.36017e-08
982	7.30557e-08
983	7.85863e-08
984	7.0427e-08
985	7.44199e-08
986	7.40741e-08
987	7.82599e-08
988	6.92953e-08
989	7.35743e-08
990	7.37632e-08
991	7.91236e-08
992	7.0429e-08
993	7.27868e-08
994	7.18008e-08
995	7.73881e-08
996	6.95923e-08
997	7.38912e-08
998	7.39859e-08
999	7.94583e-08
1000	7.05553e-08
1001	7.26095e-08
1002	7.23481e-08
1003	7.81712e-08
1004	7.0199e-08
1005	7.49033e-08
1006	7.44426e-08
1007	7.78874e-08
1008	6.90466e-08
1009	7.39587e-08
1010	7.40011e-08
1011	7.94027e-08
1012	7.06363e-08
1013	7.26565e-08
1014	7.17591e-08
1015	7.78499e-08
1016	6.925e-08
1017	7.38337e-08
1018	7.42904e-08
1019	8.00743e-08
1020	7.0947e-08
1021	7.30148e-08
1022	7.23238e-08
1023	7.81091e-08
1024	7.03668e-08
1025	7.54077e-08
1026	7.47468e-08
1027	7.82218e-08
1028	6.95913e-08
1029	7.50089e-08
1030	7.38726e-08
1031	7.94712e-08
1032	7.12182e-08
1033	7.34263e-08
1034	7.24084e-08
1035	7.84841e-08
1036	7.04532e-08
1037	7.54531e-08
1038	7.57454e-08
1039	8.07884e-08
1040	7.19768e-08
1041	7.49525e-08
1042	7.43011e-08
1043	8.01053e-08
1044	7.209e-08
1045	7.67523e-08
1046	7.63824e-08
1047	8.04347e-08
1048	7.09348e-08
1049	7.47384e-08
1050	7.46048e-08
1051	8.01865e-08
1052	7.21321e-08
1053	7.5036e-08
1054	7.34301e-08
1055	7.87964e-08
1056	7.08534e-08
1057	7.62462e-08
1058	7.60033e-08
1059	8.09387e-08
1060	7.1921e-08
1061	7.42536e-08
1062	7.38493e-08
1063	8.01212e-08
1064	7.16934e-08
1065	7.59686e-08
1066	7.57348e-08
1067	7.98267e-08
1068	7.05596e-08
1069	7.46593e-08
1070	7.50251e-08
1071	8.06157e-08
1072	7.14927e-08
1073	7.38285e-08
1074	7.3436e-08
1075	7.89515e-08
1076	6.9612e-08
1077	7.45071e-08
1078	7.52602e-08
1079	8.03982e-08
1080	7.06216e-08
1081	7.25556e-08
1082	7.26051e-08
1083	7.88929e-08
1084	7.03636e-08
1085	7.52146e-08
1086	7.54253e-08
1087	7.8584e-08
1088	6.91098e-08
1089	7.43792e-08
1090	7.37892e-08
1091	7.92386e-08
1092	7.02753e-08
1093	7.21045e-08
1094	7.13085e-08
1095	7.72521e-08
1096	6.90312e-08
1097	7.43863e-08
1098	7.4639e-08
1099	7.93246e-08
1100	7.0695e-08
1101	7.41116e-08
1102	7.34513e-08
1103	7.87231e-08
1104	7.03999e-08
1105	7.52114e-08
1106	7.45804e-08
1107	7.82575e-08
1108	6.93931e-08
1109	7.36296e-08
1110	7.33954e-08
1111	7.92423e-08
1112	7.09042e-08
1113	7.31904e-08
1114	7.20195e-08
1115	7.83061e-08
1116	6.9323e-08
1117	7.43065e-08
1118	7.42505e-08
1119	7.95118e-08
1120	7.04724e-08
1121	7.30474e-08
1122	7.24521e-08
1123	7.82873e-08
1124	7.04191e-08
1125	7.53816e-08
1126	7.48838e-08
1127	7.83232e-08
1128	6.94419e-08
1129	7.36941e-08
1130	7.38205e-08
1131	7.96719e-08
1132	7.07648e-08
1133	7.27405e-08
1134	7.18818e-08
1135	7.76672e-08
1136	6.9597e-08
1137	7.39584e-08
1138	7.40273e-08
1139	7.9221e-08
1140	7.02312e-08
1141	7.2456e-08
1142	7.27745e-08
1143	7.88869e-08
1144	7.01094e-08
1145	7.43665e-08
1146	7.4809e-08
1147	7.8276e-08
1148	6.86483e-08
1149	7.35639e-08
1150	7.29443e-08
1151	7.86211e-08
1152	6.98249e-08
1153	7.26743e-08
1154	7.2045e-08
1155	7.72464e-08
1156	6.8482e-08
1157	7.32154e-08
1158	7.40366e-08
1159	7.94881e-08
1160	7.05487e-08
1161	7.33545e-08
1162	7.30756e-08
1163	7.90779e-08
1164	7.09994e-08
1165	7.56148e-08
1166	7.51826e-08
1167	7.86937e-08
1168	6.98341e-08
1169	7.45493e-08
1170	7.41983e-08
1171	7.97139e-08
1172	7.1698e-08
1173	7.42945e-08
1174	7.32491e-08
1175	7.90843e-08
1176	7.05076e-08
1177	7.50715e-08
1178	7.52283e-08
1179	8.09725e-08
1180	7.19943e-08
1181	7.43891e-08
1182	7.3859e-08
1183	7.96975e-08
1184	7.17039e-08
1185	7.65608e-08
1186	7.61047e-08
1187	7.96861e-08
1188	7.07925e-08
1189	7.56796e-08
1190	7.56446e-08
1191	8.087e-08
1192	7.23681e-08
1193	7.44277e-08
1194	7.32822e-08
1195	7.91511e-08
1196	7.06211e-08
1197	7.51542e-08
1198	7.54377e-08
1199	8.05654e-08
1200	7.16499e-08
1201	7.44395e-08
1202	7.3771e-08
1203	7.95819e-08
1204	7.16392e-08
1205	7.6686e-08
1206	7.60792e-08
1207	7.94802e-08
1208	7.03295e-08
1209	7.44146e-08
1210	7.45418e-08
1211	8.04509e-08
1212	7.17613e-08
1213	7.40072e-08
1214	7.31302e-08
1215	7.86265e-08
1216	6.9858e-08
1217	7.4386e-08
1218	7.43205e-08
1219	7.97159e-08
1220	7.12741e-08
1221	7.46224e-08
1222	7.39668e-08
1223	7.94831e-08
1224	7.10767e-08
1225	7.50613e-08
1226	7.45713e-08
1227	7.89158e-08
1228	6.99422e-08
1229	7.4144e-08
1230	7.39784e-08
1231	7.93439e-08
1232	7.08922e-08
1233	7.35448e-08
1234	7.22919e-08
1235	7.77132e-08
1236	6.92933e-08
1237	7.38641e-08
1238	7.43083e-08
1239	8.01517e-08
1240	7.07369e-08
1241	7.32548e-08
1242	7.3515e-08
1243	7.9584e-08
1244	7.0365e-08
1245	7.43518e-08
1246	7.46597e-08
1247	7.83439e-08
1248	6.86387e-08
1249	7.33394e-08
1250	7.40371e-08
1251	7.93652e-08
1252	6.99911e-08
1253	7.27768e-08
1254	7.23275e-08
1255	7.77097e-08
1256	6.92273e-08
1257	7.33e-08
1258	7.37958e-08
1259	7.91958e-08
1260	7.01054e-08
1261	7.24539e-08
1262	7.2303e-08
1263	7.81529e-08
1264	7.03465e-08
1265	7.50613e-08
1266	7.48535e-08
1267	7.79849e-08
1268	6.92144e-08
1269	7.41252e-08
1270	7.41341e-08
1271	7.92337e-08
1272	7.06639e-08
1273	7.34019e-08
1274	7.20609e-08
1275	7.73967e-08
1276	6.90808e-08
1277	7.37438e-08
1278	7.40991e-08
1279	7.97814e-08
1280	7.06357e-08
1281	7.28107e-08
1282	7.24921e-08
1283	7.85821e-08
1284	7.066e-08
1285	7.57367e-08
1286	7.53102e-08
1287	7.89338e-08
1288	6.98404e-08
1289	7.45155e-08
1290	7.45515e-08
1291	8.01624e-08
1292	7.16027e-08
1293	7.38789e-08
1294	7.29899e-08
1295	7.90095e-08
1296	7.01932e-08
1297	7.45036e-08
1298	7.46819e-08
1299	8.07078e-08
1300	7.18398e-08
1301	7.42493e-08
1302	7.3686e-08
1303	7.94102e-08
1304	7.12592e-08
1305	7.61834e-08
1306	7.56633e-08
1307	7.92683e-08
1308	7.01501e-08
1309	7.50145e-08
1310	7.38748e-08
1311	7.97553e-08
1312	7.15957e-08
1313	7.39104e-08
1314	7.27443e-08
1315	7.85797e-08
1316	7.02192e-08
1317	7.49706e-08
1318	7.51454e-08
1319	8.07309e-08
1320	7.15456e-08
1321	7.37202e-08
1322	7.3067e-08
1323	7.88743e-08
1324	7.09135e-08
1325	7.58756e-08
1326	7.54551e-08
1327	7.89216e-08
1328	6.96132e-08
1329	7.39454e-08
1330	7.36e-08
1331	7.90655e-08
1332	7.0973e-08
1333	7.32729e-08
1334	7.20231e-08
1335	7.7928e-08
1336	6.96079e-08
1337	7.44324e-08
1338	7.45905e-08
1339	8.02607e-08
1340	7.09856e-08
1341	7.28208e-08
1342	7.20891e-08
1343	7.80732e-08
1344	7.03808e-08
1345	7.54618e-08
1346	7.46712e-08
1347	7.8101e-08
1348	6.94385e-08
1349	7.40747e-08
1350	7.31375e-08
1351	7.9271e-08
1352	7.05231e-08
1353	7.22554e-08
1354	7.08532e-08
1355	7.69911e-08
1356	6.89117e-08
1357	7.38644e-08
1358	7.38774e-08
1359	7.89074e-08
1360	7.01457e-08
1361	7.30365e-08
1362	7.23941e-08
1363	7.80223e-08
1364	6.9581e-08
1365	7.43778e-08
1366	7.39727e-08
1367	7.75983e-08
1368	6.84152e-08
1369	7.22989e-08
1370	7.23656e-08
1371	7.8438e-08
1372	7.0192e-08
1373	7.24467e-08
1374	7.13355e-08
1375	7.67278e-08
1376	6.9132e-08
1377	7.42014e-08
1378	7.41577e-08
1379	7.9122e-08
1380	7.02296e-08
1381	7.27356e-08
1382	7.22068e-08
1383	7.80399e-08
1384	6.97161e-08
1385	7.41677e-08
1386	7.4742e-08
1387	7.87389e-08
1388	6.87007e-08
1389	7.276e-08
1390	7.35695e-08
1391	7.88675e-08
1392	6.93584e-08
1393	7.1837e-08
1394	7.17237e-08
1395	7.72599e-08
1396	6.78444e-08
1397	7.25125e-08
1398	7.308e-08
1399	7.83303e-08
1400	6.97859e-08
1401	7.25492e-08
1402	7.2261e-08
1403	7.82272e-08
1404	7.02558e-08
1405	7.48374e-08
1406	7.44044e-08
1407	7.79949e-08
1408	6.92163e-08
1409	7.43252e-08
1410	7.32529e-08
1411	7.91751e-08
1412	7.10716e-08
1413	7.38802e-08
1414	7.23937e-08
1415	7.76952e-08
1416	6.96509e-08
1417	7.52253e-08
1418	7.40832e-08
1419	7.96193e-08
1420	7.1357e-08
1421	7.42378e-08
1422	7.26366e-08
1423	7.91605e-08
1424	7.14206e-08
1425	7.61399e-08
1426	7.42866e-08
1427	7.85395e-08
1428	7.01233e-08
1429	7.47899e-08
1430	7.35786e-08
1431	7.92454e-08
1432	7.13033e-08
1433	7.40864e-08
1434	7.17215e-08
1435	7.74411e-08
1436	6.97131e-08
1437	7.51396e-08
1438	7.36506e-08
1439	7.89017e-08
1440	7.09156e-08
1441	7.38159e-08
1442	7.34113e-08
1443	7.93111e-08
1444	7.07319e-08
1445	7.4688e-08
1446	7.42123e-08
1447	7.79459e-08
1448	6.93511e-08
1449	7.43412e-08
1450	7.428e-08
1451	7.95424e-08
1452	7.09384e-08
1453	7.34299e-08
1454	7.21433e-08
1455	7.75479e-08
1456	6.90856e-08
1457	7.36558e-08
1458	7.38785e-08
1459	7.95828e-08
1460	7.05412e-08
1461	7.27718e-08
1462	7.25917e-08
1463	7.82739e-08
1464	7.01331e-08
1465	7.48447e-08
1466	7.44392e-08
1467	7.8013e-08
1468	6.88888e-08
1469	7.35323e-08
1470	7.37148e-08
1471	7.91945e-08
1472	7.01412e-08
1473	7.22958e-08
1474	7.21493e-08
1475	7.81252e-08
1476	6.85135e-08
1477	7.25085e-08
1478	7.31691e-08
1479	7.89776e-08
1480	6.97121e-08
1481	7.24529e-08
1482	7.23429e-08
1483	7.78662e-08
1484	6.96284e-08
1485	7.44843e-08
1486	7.39179e-08
1487	7.72924e-08
1488	6.87274e-08
1489	7.41576e-08
1490	7.41554e-08
1491	7.90057e-08
1492	7.01622e-08
1493	7.2156e-08
1494	7.1257e-08
1495	7.77738e-08
1496	6.86042e-08
1497	7.33542e-08
1498	7.34111e-08
1499	7.91724e-08
1500	6.99967e-08
1501	7.20527e-08
1502	7.17245e-08
1503	7.74276e-08
1504	6.95421e-08
1505	7.4316e-08
1506	7.39633e-08
1507	7.74527e-08
1508	6.86415e-08
1509	7.35644e-08
1510	7.25493e-08
1511	7.82362e-08
1512	6.99081e-08
1513	7.20756e-08
1514	7.10373e-08
1515	7.68491e-08
1516	6.85853e-08
1517	7.32299e-08
1518	7.34651e-08
1519	7.85476e-08
1520	6.9853e-08
1521	7.28492e-08
1522	7.2341e-08
1523	7.79195e-08
1524	6.96796e-08
1525	7.45069e-08
1526	7.40522e-08
1527	7.76137e-08
1528	6.85298e-08
1529	7.26745e-08
1530	7.26293e-08
1531	7.86279e-08
1532	7.03555e-08
1533	7.27487e-08
1534	7.16888e-08
1535	7.70119e-08
1536	6.86919e-08
1537	7.39436e-08
1538	7.4086e-08
1539	7.92841e-08
1540	7.03368e-08
1541	7.23778e-08
1542	7.19313e-08
1543	7.83799e-08
1544	6.98884e-08
1545	7.4476e-08
1546	7.47562e-08
1547	7.87953e-08
1548	6.88376e-08
1549	7.3114e-08
1550	7.39482e-08
1551	7.92052e-08
1552	6.96649e-08
1553	7.1918e-08
1554	7.13409e-08
1555	7.71402e-08
1556	6.89759e-08
1557	7.37333e-08
1558	7.45685e-08
1559	7.96089e-08
1560	6.99468e-08
1561	7.19004e-08
1562	7.19258e-08
1563	7.80804e-08
1564	6.98487e-08
1565	7.4229e-08
1566	7.41695e-08
1567	7.75009e-08
1568	6.88482e-08
1569	7.3799e-08
1570	7.3829e-08
1571	7.89489e-08
1572	7.04922e-08
1573	7.31213e-08
1574	7.19946e-08
1575	7.7395e-08
1576	6.90015e-08
1577	7.35572e-08
1578	7.3851e-08
1579	7.95352e-08
1580	7.08214e-08
1581	7.32589e-08
1582	7.26063e-08
1583	7.83328e-08
1584	7.04886e-08
1585	7.55611e-08
1586	7.50123e-08
1587	7.85694e-08
1588	6.98196e-08
1589	7.44279e-08
1590	7.34325e-08
1591	7.9879e-08
1592	7.16744e-08
1593	7.38978e-08
1594	7.26294e-08
1595	7.83489e-08
1596	7.01669e-08
1597	7.50811e-08
1598	7.52887e-08
1599	8.04459e-08
1600	7.15998e-08
1601	7.43781e-08
1602	7.38664e-08
1603	7.97528e-08
1604	7.11689e-08
1605	7.6219e-08
1606	7.63519e-08
1607	7.98297e-08
1608	6.99119e-08
1609	7.38822e-08
1610	7.45205e-08
1611	8.03449e-08
1612	7.10019e-08
1613	7.32742e-08
1614	7.31983e-08
1615	7.85836e-08
1616	6.91594e-08
1617	7.38416e-08
1618	7.41999e-08
1619	7.93798e-08
1620	7.09026e-08
1621	7.35709e-08
1622	7.30728e-08
1623	7.89461e-08
1624	7.08606e-08
1625	7.52831e-08
1626	7.48133e-08
1627	7.8721e-08
1628	6.97243e-08
1629	7.40739e-08
1630	7.40604e-08
1631	7.93816e-08
1632	7.09844e-08
1633	7.35936e-08
1634	7.23562e-08
1635	7.77032e-08
1636	6.92969e-08
1637	7.43763e-08
1638	7.43232e-08
1639	7.93401e-08
1640	7.05293e-08
1641	7.28709e-08
1642	7.23536e-08
1643	7.8537e-08
1644	7.03422e-08
1645	7.48298e-08
1646	7.45609e-08
1647	7.81333e-08
1648	6.91875e-08
1649	7.38728e-08
1650	7.3941e-08
1651	7.92577e-08
1652	7.01921e-08
1653	7.2212e-08
1654	7.17525e-08
1655	7.7736e-08
1656	6.84295e-08
1657	7.30423e-08
1658	7.38793e-08
1659	7.94368e-08
1660	6.96717e-08
1661	7.17956e-08
1662	7.17888e-08
1663	7.75835e-08
1664	6.92176e-08
1665	7.4518e-08
1666	7.47292e-08
1667	7.78776e-08
1668	6.81775e-08
1669	7.23797e-08
1670	7.29601e-08
1671	7.86664e-08
1672	6.94345e-08
1673	7.17301e-08
1674	7.18148e-08
1675	7.82071e-08
1676	6.79446e-08
1677	7.20032e-08
1678	7.21983e-08
1679	7.76711e-08
1680	6.95615e-08
1681	7.31412e-08
1682	7.26601e-08
1683	7.79263e-08
1684	6.98095e-08
1685	7.37855e-08
1686	7.34521e-08
1687	7.75987e-08
1688	6.87938e-08
1689	7.31473e-08
1690	7.31187e-08
1691	7.88144e-08
1692	7.02331e-08
1693	7.2334e-08
1694	7.12567e-08
1695	7.68367e-08
1696	6.90591e-08
1697	7.37188e-08
1698	7.34179e-08
1699	7.84678e-08
1700	7.01326e-08
1701	7.25581e-08
1702	7.21264e-08
1703	7.8083e-08
1704	6.9928e-08
1705	7.4264e-08
1706	7.41303e-08
1707	7.7713e-08
1708	6.88439e-08
1709	7.36911e-08
1710	7.24513e-08
1711	7.83105e-08
1712	7.03358e-08
1713	7.32092e-08
1714	7.17584e-08
1715	7.71746e-08
1716	6.92135e-08
1717	7.42001e-08
1718	7.44744e-08
1719	8.00515e-08
1720	7.10321e-08
1721	7.35175e-08
1722	7.30114e-08
1723	7.88983e-08
1724	7.07714e-08
1725	7.56584e-08
1726	7.52196e-08
1727	7.88204e-08
1728	6.97386e-08
1729	7.45117e-08
1730	7.44538e-08
1731	7.98323e-08
1732	7.13988e-08
1733	7.35962e-08
1734	7.27875e-08
1735	7.88746e-08
1736	7.01204e-08
1737	7.44966e-08
1738	7.4819e-08
1739	8.03762e-08
1740	7.18737e-08
1741	7.49445e-08
1742	7.42864e-08
1743	7.98524e-08
1744	7.16963e-08
1745	7.65604e-08
1746	7.60523e-08
1747	7.96712e-08
1748	7.05647e-08
1749	7.48541e-08
1750	7.51621e-08
1751	8.11283e-08
1752	7.23579e-08
1753	7.44242e-08
1754	7.34576e-08
1755	7.89232e-08
1756	7.03485e-08
1757	7.51325e-08
1758	7.53048e-08
1759	8.04846e-08
1760	7.14398e-08
1761	7.41463e-08
1762	7.34036e-08
1763	7.91044e-08
1764	7.10956e-08
1765	7.56704e-08
1766	7.55165e-08
1767	7.94857e-08
1768	7.03234e-08
1769	7.4638e-08
1770	7.38863e-08
1771	7.98331e-08
1772	7.12445e-08
1773	7.3846e-08
1774	7.3141e-08
1775	7.84287e-08
1776	6.94478e-08
1777	7.47237e-08
1778	7.5528e-08
1779	8.05033e-08
1780	7.0756e-08
1781	7.29662e-08
1782	7.30888e-08
1783	7.92712e-08
1784	7.0533e-08
1785	7.53106e-08
1786	7.58156e-08
1787	7.90847e-08
1788	6.91545e-08
1789	7.35589e-08
1790	7.38288e-08
1791	7.9036e-08
1792	7.01999e-08
1793	7.32484e-08
1794	7.28444e-08
1795	7.80339e-08
1796	6.86384e-08
1797	7.28032e-08
1798	7.34497e-08
1799	7.93238e-08
1800	7.0587e-08
1801	7.3311e-08
1802	7.27519e-08
1803	7.82006e-08
1804	7.02352e-08
1805	7.51651e-08
1806	7.48017e-08
1807	7.83366e-08
1808	6.91565e-08
1809	7.37147e-08
1810	7.35956e-08
1811	7.90347e-08
1812	7.02229e-08
1813	7.25416e-08
1814	7.23842e-08
1815	7.83716e-08
1816	6.93824e-08
1817	7.33072e-08
1818	7.39405e-08
1819	7.94683e-08
1820	7.00006e-08
1821	7.23278e-08
1822	7.27839e-08
1823	7.83478e-08
1824	6.95749e-08
1825	7.40084e-08
1826	7.43085e-08
1827	7.77179e-08
1828	6.8413e-08
1829	7.34822e-08
1830	7.41701e-08
1831	7.9183e-08
1832	7.01478e-08
1833	7.21741e-08
1834	7.16193e-08
1835	7.73538e-08
1836	6.87054e-08
1837	7.34845e-08
1838	7.39186e-08
1839	7.89534e-08
1840	7.05396e-08
1841	7.39741e-08
1842	7.32774e-08
1843	7.86559e-08
1844	7.07075e-08
1845	7.525e-08
1846	7.48244e-08
1847	7.8912e-08
1848	6.97107e-08
1849	7.41186e-08
1850	7.43265e-08
1851	7.98972e-08
1852	7.13941e-08
1853	7.40087e-08
1854	7.27863e-08
1855	7.82814e-08
1856	6.98666e-08
1857	7.50117e-08
1858	7.51202e-08
1859	8.03539e-08
1860	7.12891e-08
1861	7.34164e-08
1862	7.29418e-08
1863	7.94588e-08
1864	7.15044e-08
1865	7.60942e-08
1866	7.55128e-08
1867	7.93906e-08
1868	7.0427e-08
1869	7.50612e-08
1870	7.4145e-08
1871	7.994e-08
1872	7.14048e-08
1873	7.36057e-08
1874	7.20696e-08
1875	7.76025e-08
1876	6.98242e-08
1877	7.54129e-08
1878	7.39353e-08
1879	7.93756e-08
1880	7.15655e-08
1881	7.47749e-08
1882	7.30294e-08
1883	7.91766e-08
1884	7.1005e-08
1885	7.52355e-08
1886	7.34262e-08
1887	7.76041e-08
1888	6.95451e-08
1889	7.48486e-08
1890	7.33462e-08
1891	7.87631e-08
1892	7.06837e-08
1893	7.35844e-08
1894	7.14314e-08
1895	7.69649e-08
1896	6.89337e-08
1897	7.3596e-08
1898	7.24402e-08
1899	7.86172e-08
1900	7.06065e-08
1901	7.35488e-08
1902	7.31763e-08
1903	7.84369e-08
1904	7.01534e-08
1905	7.48286e-08
1906	7.43575e-08
1907	7.78891e-08
1908	6.87447e-08
1909	7.32717e-08
1910	7.29879e-08
1911	7.85047e-08
1912	7.0227e-08
1913	7.2527e-08
1914	7.15889e-08
1915	7.74006e-08
1916	6.87061e-08
1917	7.31691e-08
1918	7.34494e-08
1919	7.91088e-08
1920	6.99707e-08
1921	7.20235e-08
1922	7.13689e-08
1923	7.74128e-08
1924	6.97018e-08
1925	7.47669e-08
1926	7.40886e-08
1927	7.74049e-08
1928	6.86188e-08
1929	7.31851e-08
1930	7.22051e-08
1931	7.84102e-08
1932	6.97917e-08
1933	7.17184e-08
1934	7.05922e-08
1935	7.67616e-08
1936	6.83114e-08
1937	7.39764e-08
1938	7.37011e-08
1939	7.86543e-08
1940	6.99285e-08
1941	7.2927e-08
1942	7.23846e-08
1943	7.79692e-08
1944	6.98248e-08
1945	7.41066e-08
1946	7.39482e-08
1947	7.79598e-08
1948	6.86914e-08
1949	7.26715e-08
1950	7.2753e-08
1951	7.88213e-08
1952	7.03692e-08
1953	7.26028e-08
1954	7.14854e-08
1955	7.69696e-08
1956	6.90822e-08
1957	7.36488e-08
1958	7.3478e-08
1959	7.8609e-08
1960	7.0001e-08
1961	7.28621e-08
1962	7.2278e-08
1963	7.78091e-08
1964	6.97969e-08
1965	7.39258e-08
1966	7.3719e-08
1967	7.78014e-08
1968	6.88167e-08
1969	7.32646e-08
1970	7.35075e-08
1971	7.87608e-08
1972	7.00829e-08
1973	7.2514e-08
1974	7.1431e-08
1975	7.71276e-08
1976	6.87673e-08
1977	7.38427e-08
1978	7.40483e-08
1979	7.91679e-08
1980	7.03365e-08
1981	7.28158e-08
1982	7.25287e-08
1983	7.88122e-08
1984	7.05136e-08
1985	7.49185e-08
1986	7.47749e-08
1987	7.84522e-08
1988	6.94727e-08
1989	7.43118e-08
1990	7.45531e-08
1991	8.01596e-08
1992	7.10862e-08
1993	7.36675e-08
1994	7.33106e-08
1995	7.88633e-08
1996	6.96135e-08
1997	7.42364e-08
1998	7.531e-08
1999	8.10285e-08
2000	7.1146e-08
