1	0.164772
2	0.0762257
3	0.0567374
4	0.0292439
5	0.0233522
6	0.0180053
7	0.0156544
8	0.0130131
9	0.0122132
10	0.0114674
11	0.010869
12	0.00999385
13	0.00917631
14	0.0084311
15	0.00757895
16	0.0071571
17	0.00678969
18	0.00641304
19	0.00614235
20	0.00582291
21	0.00559855
22	0.00525338
23	0.00505709
24	0.00484443
25	0.00470703
26	0.00459575
27	0.00453564
28	0.00446858
29	0.00442114
30	0.00436213
31	0.00435149
32	0.00430299
33	0.00429456
34	0.00424866
35	0.00426527
36	0.00425146
37	0.00428896
38	0.00426866
39	0.00432263
40	0.00427587
41	0.00433467
42	0.00429743
43	0.00433795
44	0.00434148
45	0.00441506
46	0.00440267
47	0.00447541
48	0.00448931
49	0.00457562
50	0.00457739
51	0.00470002
52	0.00473271
53	0.00487007
54	0.00490052
55	0.00508113
56	0.00518963
57	0.0053604
58	0.00543234
59	0.00558056
60	0.00562057
61	0.00579216
62	0.00586744
63	0.00597553
64	0.00604901
65	0.00617462
66	0.00621952
67	0.00632966
68	0.00639183
69	0.00647378
70	0.00646666
71	0.0064929
72	0.00646262
73	0.00649999
74	0.00641538
75	0.00635786
76	0.0062419
77	0.00625748
78	0.00615492
79	0.00610243
80	0.00609066
81	0.00605945
82	0.005943
83	0.00595649
84	0.00582719
85	0.005865
86	0.00576567
87	0.00574922
88	0.00568324
89	0.00561796
90	0.00554477
91	0.00546678
92	0.00537186
93	0.00532202
94	0.00524056
95	0.00526258
96	0.00519136
97	0.00508223
98	0.0049071
99	0.00482653
100	0.00461593
101	0.00454645
102	0.0043777
103	0.00428405
104	0.00407583
105	0.00400012
106	0.0038473
107	0.00375643
108	0.00362586
109	0.00357151
110	0.00343294
111	0.00339613
112	0.00326351
113	0.00324276
114	0.00314718
115	0.00315392
116	0.00304321
117	0.00307029
118	0.00297
119	0.00296849
120	0.00288534
121	0.00288399
122	0.00279518
123	0.00280344
124	0.00271854
125	0.00272269
126	0.00264193
127	0.00266168
128	0.00258348
129	0.00260909
130	0.00255897
131	0.00260209
132	0.00255342
133	0.00258954
134	0.00254403
135	0.00259862
136	0.00256247
137	0.00262986
138	0.00259431
139	0.0026537
140	0.00262554
141	0.00270588
142	0.00268106
143	0.00274182
144	0.00272095
145	0.002764
146	0.00274254
147	0.00279842
148	0.0027447
149	0.00279343
150	0.00274003
151	0.00277174
152	0.00269958
153	0.00272193
154	0.00264363
155	0.00266507
156	0.00258118
157	0.00259087
158	0.00250913
159	0.00252169
160	0.00242752
161	0.00243386
162	0.00233927
163	0.00233137
164	0.00224477
165	0.00222778
166	0.00211232
167	0.00209073
168	0.0019776
169	0.00194587
170	0.00182038
171	0.00179262
172	0.00166338
173	0.00162677
174	0.0015086
175	0.00148065
176	0.00137235
177	0.00136154
178	0.00126521
179	0.00126952
180	0.00118034
181	0.00118626
182	0.0010947
183	0.00109634
184	0.00100914
185	0.00101946
186	0.000934312
187	0.000949911
188	0.000874404
189	0.000897346
190	0.000824796
191	0.00085194
192	0.000782775
193	0.000812385
194	0.000751752
195	0.000785381
196	0.000727415
197	0.000764252
198	0.000711669
199	0.000752566
200	0.000695321
201	0.000737836
202	0.000684935
203	0.000728927
204	0.000678216
205	0.000722879
206	0.000672676
207	0.000717135
208	0.00066845
209	0.00071392
210	0.000667389
211	0.00071548
212	0.00066711
213	0.000713068
214	0.000665385
215	0.000712402
216	0.000665016
217	0.000711836
218	0.000665435
219	0.00071148
220	0.000665744
221	0.000711881
222	0.000666551
223	0.000712002
224	0.000666559
225	0.000710354
226	0.0006645
227	0.000710312
228	0.000666853
229	0.000709814
230	0.000665455
231	0.00070796
232	0.000664674
233	0.000705159
234	0.000662187
235	0.000703091
236	0.000663216
237	0.000704455
238	0.000661224
239	0.000697628
240	0.000655178
241	0.000690137
242	0.000639049
243	0.000672167
244	0.000621147
245	0.000654002
246	0.000597075
247	0.000626026
248	0.000568138
249	0.000595031
250	0.000539637
251	0.000566581
252	0.000509692
253	0.000537165
254	0.000481518
255	0.000507882
256	0.000452706
257	0.000481248
258	0.000426899
259	0.000455126
260	0.000399811
261	0.000431078
262	0.000378169
263	0.000411339
264	0.000360727
265	0.000395209
266	0.000348212
267	0.000383041
268	0.000333933
269	0.000371617
270	0.000323351
271	0.000358718
272	0.000309828
273	0.000346743
274	0.000299284
275	0.000335762
276	0.000288367
277	0.000326022
278	0.000279047
279	0.000316945
280	0.000271743
281	0.000310831
282	0.000264937
283	0.000303358
284	0.000258639
285	0.000298473
286	0.000254433
287	0.000294703
288	0.000251268
289	0.000291729
290	0.000254061
291	0.000287624
292	0.000251214
293	0.00028613
294	0.00024973
295	0.000280396
296	0.000244516
297	0.0002762
298	0.000240703
299	0.000271535
300	0.000235092
301	0.000266291
302	0.000230729
303	0.000261309
304	0.000224434
305	0.000254716
306	0.00021758
307	0.00024808
308	0.00021065
309	0.000240611
310	0.000203781
311	0.000233332
312	0.000196484
313	0.000226596
314	0.000190039
315	0.00021989
316	0.000183268
317	0.000213998
318	0.000177805
319	0.000208523
320	0.000172381
321	0.000204434
322	0.000168439
323	0.000200443
324	0.000164683
325	0.000196801
326	0.000161456
327	0.000194394
328	0.000159605
329	0.000191664
330	0.000156274
331	0.000188348
332	0.000153122
333	0.000186175
334	0.000150838
335	0.000182831
336	0.000148021
337	0.000180927
338	0.000146445
339	0.000179141
340	0.000144076
341	0.000177289
342	0.000142813
343	0.000175982
344	0.000141111
345	0.000174354
346	0.000139629
347	0.000172864
348	0.000138664
349	0.000172215
350	0.000138098
351	0.000171245
352	0.000136961
353	0.000170291
354	0.000135889
355	0.000168536
356	0.000134121
357	0.00016737
358	0.000133177
359	0.000165767
360	0.000131452
361	0.000164528
362	0.00013049
363	0.000162861
364	0.000128343
365	0.000161523
366	0.000127309
367	0.000159944
368	0.000125574
369	0.00015878
370	0.000125304
371	0.000153552
372	0.0001215
373	0.000150264
374	0.000122811
375	0.000150079
376	0.000118991
377	0.000147609
378	0.000121335
379	0.0001496
380	0.000119548
381	0.000145639
382	0.000118988
383	0.000147369
384	0.000117808
385	0.000145526
386	0.000119524
387	0.000145516
388	0.000115126
389	0.000142972
390	0.000116849
391	0.00014497
392	0.000115966
393	0.000143811
394	0.000117162
395	0.000143829
396	0.000114593
397	0.000142572
398	0.000115772
399	0.000144168
400	0.000115994
401	0.000142198
402	0.000114515
403	0.000143048
404	0.000114904
405	0.000142692
406	0.000116031
407	0.000142143
408	0.000112184
409	0.000140392
410	0.000113531
411	0.000142379
412	0.000113248
413	0.000141455
414	0.000115145
415	0.000141895
416	0.00011155
417	0.000139949
418	0.000113486
419	0.000142156
420	0.000112705
421	0.000139526
422	0.000112998
423	0.000141418
424	0.000111223
425	0.000139069
426	0.000112775
427	0.000139982
428	0.000110664
429	0.00013929
430	0.000112209
431	0.000140591
432	0.000111748
433	0.000137664
434	0.000109677
435	0.000138271
436	0.000109823
437	0.000138374
438	0.000111233
439	0.00013953
440	0.000110914
441	0.000137502
442	0.000109896
443	0.000138824
444	0.000110222
445	0.000138319
446	0.000111281
447	0.000138192
448	0.000108957
449	0.000137358
450	0.00011068
451	0.000139112
452	0.00011028
453	0.000136416
454	0.000109504
455	0.000137675
456	0.000107528
457	0.000136064
458	0.000110555
459	0.000139058
460	0.000109562
461	0.000136381
462	0.000109478
463	0.000138106
464	0.000109308
465	0.00013756
466	0.000111136
467	0.000137908
468	0.000108166
469	0.000136526
470	0.000109965
471	0.000138581
472	0.00011002
473	0.000136181
474	0.000108771
475	0.000136978
476	0.000107152
477	0.000135781
478	0.000110449
479	0.000138594
480	0.000108681
481	0.000135327
482	0.000108917
483	0.000137672
484	0.000108532
485	0.000136937
486	0.000111134
487	0.000137418
488	0.000106977
489	0.000135276
490	0.000109383
491	0.000138159
492	0.000109217
493	0.000135279
494	0.000108362
495	0.000136539
496	0.000106436
497	0.000135033
498	0.000108958
499	0.000137611
500	0.000109321
501	0.000135871
502	0.000108224
503	0.00013693
504	0.000108726
505	0.000136778
506	0.000109521
507	0.000136384
508	0.000107599
509	0.000135894
510	0.000108937
511	0.000137486
512	0.000109166
513	0.000135022
514	0.000107024
515	0.000135679
516	0.000107467
517	0.000136004
518	0.000108733
519	0.000137067
520	0.000108592
521	0.000135196
522	0.000107945
523	0.000136666
524	0.000108429
525	0.000136462
526	0.000109465
527	0.000136201
528	0.000107126
529	0.000135533
530	0.000108929
531	0.000137579
532	0.000108848
533	0.000134653
534	0.000106795
535	0.000135498
536	0.000107049
537	0.000135632
538	0.000108905
539	0.000137136
540	0.000108461
541	0.000134902
542	0.00010761
543	0.000136487
544	0.000108245
545	0.000136511
546	0.000109994
547	0.00013642
548	0.000106319
549	0.00013511
550	0.000109667
551	0.000137793
552	0.000107583
553	0.000133816
554	0.000106982
555	0.000135652
556	0.000106453
557	0.000135324
558	0.000109644
559	0.00013758
560	0.000107479
561	0.000134017
562	0.000107684
563	0.000136554
564	0.00010779
565	0.000136165
566	0.000109613
567	0.000136375
568	0.000106798
569	0.000135152
570	0.000108568
571	0.00013711
572	0.000109083
573	0.000134963
574	0.000106771
575	0.000135494
576	0.000106878
577	0.000135287
578	0.000108189
579	0.000136632
580	0.000108774
581	0.000135259
582	0.000107499
583	0.000136174
584	0.000108007
585	0.000136124
586	0.000109196
587	0.000135962
588	0.000107037
589	0.000135376
590	0.000108712
591	0.000137119
592	0.000108513
593	0.000134408
594	0.000106615
595	0.000135335
596	0.000107094
597	0.00013548
598	0.000108126
599	0.000136628
600	0.000108118
601	0.000134892
602	0.000107652
603	0.000136365
604	0.000107901
605	0.000135846
606	0.000108969
607	0.000135824
608	0.000107285
609	0.000135452
610	0.000108103
611	0.000136641
612	0.000108773
613	0.000134771
614	0.000106744
615	0.000135332
616	0.000106833
617	0.000135004
618	0.000108123
619	0.000136601
620	0.000108581
621	0.000135215
622	0.00010727
623	0.000135968
624	0.000107836
625	0.000136144
626	0.00010926
627	0.000135955
628	0.000106904
629	0.000135071
630	0.000108412
631	0.00013681
632	0.000108331
633	0.000134451
634	0.000107543
635	0.000135735
636	0.000105901
637	0.000134389
638	0.000108932
639	0.000137228
640	0.000107218
641	0.000134005
642	0.000108012
643	0.000136585
644	0.000106903
645	0.000135186
646	0.000109549
647	0.00013638
648	0.000106193
649	0.000134575
650	0.00010905
651	0.000137354
652	0.000107757
653	0.000133803
654	0.000107094
655	0.000135605
656	0.000105898
657	0.000134556
658	0.000108911
659	0.000137105
660	0.000107524
661	0.000134219
662	0.0001081
663	0.000136756
664	0.000107173
665	0.000135424
666	0.000109887
667	0.000136332
668	0.000106024
669	0.000134151
670	0.000108374
671	0.000137197
672	0.000108162
673	0.000134201
674	0.000107253
675	0.000135593
676	0.000105686
677	0.000134433
678	0.00010864
679	0.000136974
680	0.000107841
681	0.000134645
682	0.000107945
683	0.000136449
684	0.000107497
685	0.000135585
686	0.000109224
687	0.000135935
688	0.000107052
689	0.000135356
690	0.000108151
691	0.00013684
692	0.000108854
693	0.000134759
694	0.00010645
695	0.00013519
696	0.000106485
697	0.000134908
698	0.000108178
699	0.000136683
700	0.000108828
701	0.000135112
702	0.000106845
703	0.000135612
704	0.000107962
705	0.000136143
706	0.000109047
707	0.000135958
708	0.000107075
709	0.000135327
710	0.000108301
711	0.000136729
712	0.000108635
713	0.0001346
714	0.000106155
715	0.000134981
716	0.000107056
717	0.00013564
718	0.000108321
719	0.000136652
720	0.000108318
721	0.000134798
722	0.00010758
723	0.000136125
724	0.000107748
725	0.000135822
726	0.000108878
727	0.000135752
728	0.000107202
729	0.000135376
730	0.000108123
731	0.000136885
732	0.000108483
733	0.000134375
734	0.000106671
735	0.000135272
736	0.000106612
737	0.000134952
738	0.000108127
739	0.000136507
740	0.000108286
741	0.00013488
742	0.000107454
743	0.000136243
744	0.000107853
745	0.000135862
746	0.000108921
747	0.00013574
748	0.000106796
749	0.000135189
750	0.000108328
751	0.000136985
752	0.000108501
753	0.000134343
754	0.000106588
755	0.000135245
756	0.000106495
757	0.00013482
758	0.000108006
759	0.000136713
760	0.000108626
761	0.000134984
762	0.000107125
763	0.000135891
764	0.000107834
765	0.000135893
766	0.000108952
767	0.000135775
768	0.000106882
769	0.000135142
770	0.000108416
771	0.000136934
772	0.00010835
773	0.00013432
774	0.00010669
775	0.000135255
776	0.00010634
777	0.000134938
778	0.000109082
779	0.000137159
780	0.000107426
781	0.000133994
782	0.000107958
783	0.000136543
784	0.000106959
785	0.000135318
786	0.00010988
787	0.000136409
788	0.000105691
789	0.00013396
790	0.000108224
791	0.000137154
792	0.00010872
793	0.000134568
794	0.000106603
795	0.000135318
796	0.00010663
797	0.000135006
798	0.000107963
799	0.00013651
800	0.000108583
801	0.000135025
802	0.000107035
803	0.000136002
804	0.000108188
805	0.00013603
806	0.000108713
807	0.000135695
808	0.000106929
809	0.000135227
810	0.000108248
811	0.000136814
812	0.00010871
813	0.000134549
814	0.000106316
815	0.000135226
816	0.000106672
817	0.000135063
818	0.000108346
819	0.000136748
820	0.000108287
821	0.000134673
822	0.000107293
823	0.000135998
824	0.000107738
825	0.000135976
826	0.000109786
827	0.000136304
828	0.000106039
829	0.000134377
830	0.000108723
831	0.000137246
832	0.00010771
833	0.000134185
834	0.000107997
835	0.0001359
836	0.000105285
837	0.000133634
838	0.00010746
839	0.000136433
840	0.00010853
841	0.000135195
842	0.0001075
843	0.000136191
844	0.00010786
845	0.000135843
846	0.000108769
847	0.000135799
848	0.0001071
849	0.000135223
850	0.000107905
851	0.000136629
852	0.000108568
853	0.00013448
854	0.000106484
855	0.000135168
856	0.0001067
857	0.000135196
858	0.000108193
859	0.00013665
860	0.00010854
861	0.000135031
862	0.000107094
863	0.000135936
864	0.000107922
865	0.000136066
866	0.000109073
867	0.000135893
868	0.000106942
869	0.000135128
870	0.00010846
871	0.000137042
872	0.000108183
873	0.000134213
874	0.000107056
875	0.000135582
876	0.000105901
877	0.000134545
878	0.000108989
879	0.000137144
880	0.000107251
881	0.000133988
882	0.000107641
883	0.000136432
884	0.00010733
885	0.000135767
886	0.000109945
887	0.000136363
888	0.000105766
889	0.000134015
890	0.000108397
891	0.000137268
892	0.000108033
893	0.000134144
894	0.000107359
895	0.000135623
896	0.000105618
897	0.000134121
898	0.000108278
899	0.000136804
900	0.000108026
901	0.000134639
902	0.000107286
903	0.000136082
904	0.000107914
905	0.000136039
906	0.000109013
907	0.000135905
908	0.000106992
909	0.000135176
910	0.00010853
911	0.000136896
912	0.000108313
913	0.000134087
914	0.000106408
915	0.000135355
916	0.000106746
917	0.000135207
918	0.000108711
919	0.000136887
920	0.000107615
921	0.000134425
922	0.000108257
923	0.000136629
924	0.000106705
925	0.000134995
926	0.000109277
927	0.000136169
928	0.000106315
929	0.000135026
930	0.000109182
931	0.000137315
932	0.000107597
933	0.000133696
934	0.000107132
935	0.000135536
936	0.000105707
937	0.000134287
938	0.000108779
939	0.00013706
940	0.00010805
941	0.000134735
942	0.000107474
943	0.000136259
944	0.000107767
945	0.000136054
946	0.000109164
947	0.000136038
948	0.000106755
949	0.000134985
950	0.000108233
951	0.000136905
952	0.000109041
953	0.000134697
954	0.000106255
955	0.000134868
956	0.000106577
957	0.000135084
958	0.000108314
959	0.000136699
960	0.000108176
961	0.000134614
962	0.000107039
963	0.000135939
964	0.000108119
965	0.000136253
966	0.000108936
967	0.000135724
968	0.000106746
969	0.000135169
970	0.000108231
971	0.000136764
972	0.000108736
973	0.000134681
974	0.000106658
975	0.000135234
976	0.000106355
977	0.000134941
978	0.000108106
979	0.000136659
980	0.000108806
981	0.000135279
982	0.000107192
983	0.000135802
984	0.00010782
985	0.000136019
986	0.000108935
987	0.000135756
988	0.000107019
989	0.000135215
990	0.000108207
991	0.000136684
992	0.00010838
993	0.000134422
994	0.000106694
995	0.000135267
996	0.000106791
997	0.00013527
998	0.000108463
999	0.000136806
1000	0.000108152
1001	0.000134646
1002	0.000107305
1003	0.000136116
1004	0.000108089
1005	0.000136171
1006	0.000108935
1007	0.000135775
1008	0.000106689
1009	0.00013505
1010	0.000108375
1011	0.00013697
1012	0.000108642
1013	0.000134502
1014	0.00010644
1015	0.000135032
1016	0.000106368
1017	0.000134971
1018	0.000108371
1019	0.000136793
1020	0.000108205
1021	0.000134601
1022	0.000106983
1023	0.000135935
1024	0.000107893
1025	0.000136105
1026	0.000108834
1027	0.00013575
1028	0.000107047
1029	0.000135298
1030	0.000108455
1031	0.000136818
1032	0.000108169
1033	0.000134146
1034	0.000106387
1035	0.000135208
1036	0.000106983
1037	0.000135291
1038	0.000108128
1039	0.000136635
1040	0.000108184
1041	0.000134765
1042	0.000107287
1043	0.00013606
1044	0.000108318
1045	0.000136172
1046	0.000108928
1047	0.000135673
1048	0.000106601
1049	0.000134795
1050	0.000107903
1051	0.000136748
1052	0.000109243
1053	0.000135085
1054	0.000106059
1055	0.000134685
1056	0.000106992
1057	0.000135425
1058	0.000108099
1059	0.000136484
1060	0.000108258
1061	0.000134711
1062	0.000107212
1063	0.000136072
1064	0.000108174
1065	0.000136154
1066	0.000109014
1067	0.000135728
1068	0.000106627
1069	0.000134955
1070	0.000108527
1071	0.000137145
1072	0.000108379
1073	0.000134354
1074	0.000107155
1075	0.000135566
1076	0.000105829
1077	0.000134492
1078	0.00010904
1079	0.000137277
1080	0.000107141
1081	0.000133782
1082	0.000107594
1083	0.000136455
1084	0.000107385
1085	0.000135746
1086	0.000109817
1087	0.000136326
1088	0.000105943
1089	0.000134451
1090	0.000108811
1091	0.000137305
1092	0.000107761
1093	0.000133758
1094	0.000106645
1095	0.000135507
1096	0.00010681
1097	0.000135347
1098	0.000108453
1099	0.000136769
1100	0.000108289
1101	0.000134964
1102	0.000107627
1103	0.000136225
1104	0.000107641
1105	0.000135847
1106	0.000108987
1107	0.000135889
1108	0.000107136
1109	0.000135328
1110	0.000107694
1111	0.000136416
1112	0.00010898
1113	0.000134936
1114	0.000106405
1115	0.000135048
1116	0.000106754
1117	0.000135391
1118	0.000108522
1119	0.000136795
1120	0.000108157
1121	0.00013463
1122	0.0001071
1123	0.00013603
1124	0.000108397
1125	0.00013637
1126	0.000108794
1127	0.00013567
1128	0.000106962
1129	0.000135197
1130	0.000108224
1131	0.000136795
1132	0.000108749
1133	0.000134544
1134	0.000106587
1135	0.000135127
1136	0.000106615
1137	0.000135157
1138	0.000108585
1139	0.000136877
1140	0.000107975
1141	0.000134703
1142	0.000108001
1143	0.00013652
1144	0.000107191
1145	0.000135675
1146	0.000109864
1147	0.000136325
1148	0.000105906
1149	0.000134316
1150	0.000108716
1151	0.000137143
1152	0.000107672
1153	0.000133914
1154	0.000107403
1155	0.000135692
1156	0.000105638
1157	0.000134089
1158	0.000108305
1159	0.000137007
1160	0.000108131
1161	0.00013476
1162	0.000107344
1163	0.000136087
1164	0.000107929
1165	0.000136161
1166	0.000109008
1167	0.000135863
1168	0.000106967
1169	0.000135139
1170	0.000107962
1171	0.000136536
1172	0.000108941
1173	0.000134775
1174	0.000106493
1175	0.000135068
1176	0.000106643
1177	0.000134995
1178	0.00010813
1179	0.000136687
1180	0.000108199
1181	0.000134733
1182	0.00010718
1183	0.000136041
1184	0.00010792
1185	0.000135862
1186	0.000108922
1187	0.000135814
1188	0.000106976
1189	0.000135117
1190	0.000108135
1191	0.00013668
1192	0.000108779
1193	0.000134679
1194	0.000106335
1195	0.00013503
1196	0.000106492
1197	0.000134983
1198	0.000108306
1199	0.000136827
1200	0.000108302
1201	0.000134689
1202	0.000107069
1203	0.00013594
1204	0.00010813
1205	0.000136225
1206	0.000109025
1207	0.000135837
1208	0.000106798
1209	0.000134955
1210	0.000108153
1211	0.000136765
1212	0.000108872
1213	0.000134677
1214	0.000106607
1215	0.000135095
1216	0.00010632
1217	0.000134675
1218	0.000108048
1219	0.000136614
1220	0.000108813
1221	0.000135196
1222	0.0001072
1223	0.000135793
1224	0.000107899
1225	0.000135878
1226	0.000108833
1227	0.000135693
1228	0.000107229
1229	0.000135365
1230	0.000107866
1231	0.000136533
1232	0.00010872
1233	0.000134671
1234	0.000106559
1235	0.000135145
1236	0.000106627
1237	0.000134928
1238	0.000108459
1239	0.000136799
1240	0.00010794
1241	0.000134761
1242	0.000108225
1243	0.000136482
1244	0.000106925
1245	0.000135186
1246	0.000109657
1247	0.000136425
1248	0.000105914
1249	0.000134351
1250	0.000109147
1251	0.000137355
1252	0.000107809
1253	0.000133834
1254	0.000107146
1255	0.000135573
1256	0.000105998
1257	0.000134536
1258	0.000108874
1259	0.00013717
1260	0.000107796
1261	0.000134587
1262	0.000107618
1263	0.000136186
1264	0.000107847
1265	0.000136241
1266	0.000109332
1267	0.000136067
1268	0.000106785
1269	0.000135022
1270	0.000108386
1271	0.000136856
1272	0.000108806
1273	0.000134647
1274	0.000106324
1275	0.000134917
1276	0.000106537
1277	0.000135122
1278	0.000108362
1279	0.00013688
1280	0.00010828
1281	0.000134663
1282	0.000106958
1283	0.000135918
1284	0.000108187
1285	0.00013621
1286	0.000108968
1287	0.000135812
1288	0.000106913
1289	0.000135009
1290	0.000108144
1291	0.000136744
1292	0.000109022
1293	0.000134802
1294	0.000106461
1295	0.000134952
1296	0.000106397
1297	0.00013492
1298	0.000108266
1299	0.000136781
1300	0.000108547
1301	0.000135025
1302	0.000106973
1303	0.000135756
1304	0.000107768
1305	0.000135955
1306	0.000109215
1307	0.000136054
1308	0.000106889
1309	0.000134971
1310	0.000108214
1311	0.000136721
1312	0.000108733
1313	0.000134551
1314	0.000106186
1315	0.000134988
1316	0.000106987
1317	0.000135401
1318	0.000108227
1319	0.000136616
1320	0.000108199
1321	0.000134667
1322	0.000107122
1323	0.000135966
1324	0.000108221
1325	0.000136196
1326	0.000109
1327	0.000135772
1328	0.000106804
1329	0.000135018
1330	0.000107981
1331	0.000136676
1332	0.00010921
1333	0.000134895
1334	0.000106161
1335	0.000134776
1336	0.00010693
1337	0.000135479
1338	0.000108321
1339	0.000136564
1340	0.000108252
1341	0.000134629
1342	0.00010695
1343	0.000135888
1344	0.000108471
1345	0.00013647
1346	0.000108758
1347	0.000135578
1348	0.000107002
1349	0.00013536
1350	0.000108431
1351	0.000137031
1352	0.000108475
1353	0.000134252
1354	0.000106106
1355	0.000134843
1356	0.000107059
1357	0.000135437
1358	0.000108134
1359	0.000136574
1360	0.000108482
1361	0.000134837
1362	0.000107232
1363	0.000135896
1364	0.000107807
1365	0.000135918
1366	0.000109014
1367	0.000135786
1368	0.000106715
1369	0.00013484
1370	0.000107971
1371	0.000136763
1372	0.000109076
1373	0.000134833
1374	0.000106125
1375	0.000134895
1376	0.000106713
1377	0.000135406
1378	0.000108627
1379	0.00013699
1380	0.000108325
1381	0.000134611
1382	0.000107216
1383	0.000136054
1384	0.000107722
1385	0.000135942
1386	0.000109687
1387	0.000136203
1388	0.000106081
1389	0.000134636
1390	0.000109117
1391	0.000137482
1392	0.000107463
1393	0.000133548
1394	0.000107349
1395	0.000135689
1396	0.000105499
1397	0.000133931
1398	0.000108271
1399	0.000136883
1400	0.000108446
1401	0.000134862
1402	0.000107134
1403	0.000136048
1404	0.000108124
1405	0.00013606
1406	0.000108909
1407	0.000135782
1408	0.000106908
1409	0.000135097
1410	0.000108294
1411	0.000136828
1412	0.000108844
1413	0.000134592
1414	0.000106128
1415	0.000135016
1416	0.000106653
1417	0.000135214
1418	0.000108388
1419	0.000136777
1420	0.000108341
1421	0.000134748
1422	0.000107207
1423	0.000135913
1424	0.000108153
1425	0.000136225
1426	0.000108849
1427	0.000135614
1428	0.000106656
1429	0.000135039
1430	0.000108388
1431	0.000136978
1432	0.000108685
1433	0.000134361
1434	0.000106424
1435	0.000135022
1436	0.000106723
1437	0.0001352
1438	0.000108143
1439	0.000136577
1440	0.00010828
1441	0.000134724
1442	0.000107433
1443	0.000136088
1444	0.000107808
1445	0.000135747
1446	0.000108772
1447	0.000135718
1448	0.000107162
1449	0.000135341
1450	0.000108054
1451	0.000136681
1452	0.000108801
1453	0.000134662
1454	0.000106431
1455	0.000134946
1456	0.000106547
1457	0.00013515
1458	0.000108295
1459	0.000136705
1460	0.000108112
1461	0.000134647
1462	0.000107368
1463	0.000136104
1464	0.00010788
1465	0.000135893
1466	0.000109044
1467	0.000135995
1468	0.00010673
1469	0.000134923
1470	0.000108355
1471	0.000136931
1472	0.000108449
1473	0.000134495
1474	0.000107363
1475	0.000135532
1476	0.000105794
1477	0.000134256
1478	0.000108678
1479	0.00013706
1480	0.000107737
1481	0.000134551
1482	0.000107741
1483	0.000136326
1484	0.000107527
1485	0.000135773
1486	0.000109089
1487	0.000135975
1488	0.000107071
1489	0.000135299
1490	0.000108437
1491	0.00013692
1492	0.000108504
1493	0.000134374
1494	0.000106506
1495	0.000135106
1496	0.000106527
1497	0.000135118
1498	0.000108506
1499	0.000136913
1500	0.000108259
1501	0.00013466
1502	0.000107028
1503	0.000135975
1504	0.000107839
1505	0.000135944
1506	0.000108946
1507	0.000136006
1508	0.000106968
1509	0.000135057
1510	0.000108237
1511	0.000136774
1512	0.000108417
1513	0.000134356
1514	0.00010644
1515	0.000135098
1516	0.00010672
1517	0.000135051
1518	0.000108227
1519	0.000136672
1520	0.000108171
1521	0.000134754
1522	0.000107277
1523	0.000136054
1524	0.000107785
1525	0.000135987
1526	0.000109037
1527	0.000135747
1528	0.000106602
1529	0.000134834
1530	0.000107986
1531	0.000136685
1532	0.000109006
1533	0.000134771
1534	0.000106404
1535	0.000134946
1536	0.000106498
1537	0.000135154
1538	0.00010848
1539	0.000136885
1540	0.000108216
1541	0.000134542
1542	0.000107155
1543	0.000136098
1544	0.000107708
1545	0.00013594
1546	0.00010971
1547	0.000136263
1548	0.000106183
1549	0.000134649
1550	0.000109195
1551	0.000137374
1552	0.000107413
1553	0.000133417
1554	0.000106953
1555	0.000135584
1556	0.000106087
1557	0.000135055
1558	0.000109548
1559	0.000137316
1560	0.000107136
1561	0.000133699
1562	0.000107202
1563	0.000136302
1564	0.000107838
1565	0.000135855
1566	0.00010901
1567	0.000135856
1568	0.000106888
1569	0.000135091
1570	0.000108299
1571	0.000136872
1572	0.000108752
1573	0.000134494
1574	0.000106396
1575	0.000135225
1576	0.000106618
1577	0.000135068
1578	0.000108214
1579	0.000136627
1580	0.000108566
1581	0.000134869
1582	0.000106987
1583	0.000135825
1584	0.000107904
1585	0.00013608
1586	0.000109094
1587	0.000135881
1588	0.000106896
1589	0.000135074
1590	0.000108264
1591	0.000136742
1592	0.000108853
1593	0.000134642
1594	0.0001062
1595	0.000134859
1596	0.000106551
1597	0.0001352
1598	0.000108448
1599	0.000136842
1600	0.000108231
1601	0.000134712
1602	0.000107332
1603	0.000136086
1604	0.000107651
1605	0.000135973
1606	0.000109871
1607	0.000136219
1608	0.000105916
1609	0.000134345
1610	0.000108788
1611	0.000137387
1612	0.000107698
1613	0.000133817
1614	0.000107576
1615	0.000135896
1616	0.000105523
1617	0.000133886
1618	0.000107858
1619	0.000136638
1620	0.000108463
1621	0.000134847
1622	0.0001071
1623	0.000135904
1624	0.000107833
1625	0.000135997
1626	0.000108926
1627	0.000135775
1628	0.000106977
1629	0.000135095
1630	0.000108103
1631	0.0001367
1632	0.000108741
1633	0.000134642
1634	0.000106413
1635	0.00013506
1636	0.000106604
1637	0.000135186
1638	0.000108313
1639	0.000136661
1640	0.000108126
1641	0.000134626
1642	0.000107089
1643	0.000136071
1644	0.000107853
1645	0.000135914
1646	0.000109082
1647	0.000135921
1648	0.000107036
1649	0.000135159
1650	0.000108349
1651	0.000136778
1652	0.00010822
1653	0.000134284
1654	0.000107205
1655	0.000135545
1656	0.000105813
1657	0.000134657
1658	0.000109132
1659	0.000137184
1660	0.000107125
1661	0.000133912
1662	0.000107588
1663	0.000136318
1664	0.000107438
1665	0.000135897
1666	0.000110043
1667	0.000136297
1668	0.000105758
1669	0.000134063
1670	0.000108635
1671	0.00013726
1672	0.000107903
1673	0.000134108
1674	0.000107621
1675	0.000135857
1676	0.000105482
1677	0.000134002
1678	0.000107939
1679	0.000136846
1680	0.000108678
1681	0.000135169
1682	0.000107322
1683	0.000136082
1684	0.00010794
1685	0.000135817
1686	0.000108762
1687	0.000135645
1688	0.000107243
1689	0.000135387
1690	0.00010803
1691	0.000136721
1692	0.000108649
1693	0.00013453
1694	0.000106501
1695	0.000135196
1696	0.000106718
1697	0.000135332
1698	0.000108175
1699	0.000136549
1700	0.000108628
1701	0.000135
1702	0.000107177
1703	0.000135983
1704	0.000107868
1705	0.000135914
1706	0.00010919
1707	0.000135966
1708	0.000107013
1709	0.000135158
1710	0.00010814
1711	0.00013668
1712	0.000108719
1713	0.000134587
1714	0.000106273
1715	0.000135186
1716	0.000107035
1717	0.00013534
1718	0.000108181
1719	0.000136505
1720	0.000108398
1721	0.000134787
1722	0.000107186
1723	0.000136027
1724	0.000108302
1725	0.000136171
1726	0.000108826
1727	0.000135661
1728	0.00010667
1729	0.000135165
1730	0.000108265
1731	0.000136861
1732	0.00010861
1733	0.000134549
1734	0.000106605
1735	0.000135203
1736	0.0001064
1737	0.000134878
1738	0.000108115
1739	0.000136695
1740	0.000108705
1741	0.000135083
1742	0.000107075
1743	0.000135877
1744	0.00010764
1745	0.00013591
1746	0.000109201
1747	0.000136136
1748	0.000106813
1749	0.000134952
1750	0.000108094
1751	0.000136688
1752	0.000108757
1753	0.000134641
1754	0.000106525
1755	0.000135205
1756	0.000106547
1757	0.000134923
1758	0.000108311
1759	0.000136669
1760	0.000108167
1761	0.000134632
1762	0.000107206
1763	0.000136046
1764	0.000107912
1765	0.000135962
1766	0.000109078
1767	0.000135884
1768	0.000106885
1769	0.000135107
1770	0.000108548
1771	0.000136861
1772	0.000108182
1773	0.000134252
1774	0.000107124
1775	0.00013555
1776	0.000105761
1777	0.000134456
1778	0.000109165
1779	0.000137254
1780	0.000107242
1781	0.000133849
1782	0.000107578
1783	0.000136511
1784	0.000107433
1785	0.000135773
1786	0.000109998
1787	0.000136401
1788	0.000105834
1789	0.000134111
1790	0.000108321
1791	0.0001371
1792	0.000108055
1793	0.000134362
1794	0.000107622
1795	0.000135884
1796	0.000105475
1797	0.000133806
1798	0.000107946
1799	0.000136711
1800	0.000108648
1801	0.000135037
1802	0.000107129
1803	0.000135991
1804	0.000107923
1805	0.000135981
1806	0.000109141
1807	0.000135899
1808	0.000106816
1809	0.000135008
1810	0.000108176
1811	0.000136861
1812	0.000108443
1813	0.000134624
1814	0.000107299
1815	0.000135625
1816	0.000105861
1817	0.000134691
1818	0.000109079
1819	0.000137263
1820	0.000107215
1821	0.000133919
1822	0.000107941
1823	0.000136543
1824	0.000107022
1825	0.000135268
1826	0.000109825
1827	0.000136281
1828	0.000105942
1829	0.000134484
1830	0.000109018
1831	0.000137256
1832	0.000107817
1833	0.000133753
1834	0.000106928
1835	0.000135538
1836	0.000106326
1837	0.000134804
1838	0.00010834
1839	0.000136846
1840	0.000108483
1841	0.000135075
1842	0.000107267
1843	0.000136031
1844	0.000108021
1845	0.000135994
1846	0.000108935
1847	0.000135763
1848	0.000106704
1849	0.000134981
1850	0.000108236
1851	0.000136824
1852	0.000109012
1853	0.000134734
1854	0.000106241
1855	0.000134936
1856	0.000106472
1857	0.000135029
1858	0.000108484
1859	0.000136905
1860	0.00010825
1861	0.000134526
1862	0.00010691
1863	0.000135854
1864	0.000108448
1865	0.000136405
1866	0.000108666
1867	0.000135566
1868	0.000106892
1869	0.000135327
1870	0.00010863
1871	0.000137108
1872	0.000108349
1873	0.00013418
1874	0.00010602
1875	0.000134864
1876	0.000107171
1877	0.000135523
1878	0.000107995
1879	0.000136374
1880	0.000108734
1881	0.000135208
1882	0.000107371
1883	0.000135975
1884	0.000107774
1885	0.000135753
1886	0.000108855
1887	0.000135796
1888	0.000107421
1889	0.000135476
1890	0.000108117
1891	0.000136769
1892	0.000108448
1893	0.00013449
1894	0.000106774
1895	0.000135321
1896	0.000106433
1897	0.000134925
1898	0.000108067
1899	0.00013658
1900	0.000108601
1901	0.000135004
1902	0.00010726
1903	0.000135989
1904	0.000107819
1905	0.000135939
1906	0.000109151
1907	0.000135886
1908	0.000106717
1909	0.000134903
1910	0.000107979
1911	0.000136762
1912	0.000109034
1913	0.000134793
1914	0.00010634
1915	0.000135147
1916	0.000106604
1917	0.000135108
1918	0.000108318
1919	0.00013671
1920	0.00010826
1921	0.000134551
1922	0.000106949
1923	0.000135851
1924	0.000108327
1925	0.000136377
1926	0.000108871
1927	0.00013565
1928	0.000106823
1929	0.000135247
1930	0.000108521
1931	0.000137023
1932	0.000108385
1933	0.000134241
1934	0.000106286
1935	0.000135076
1936	0.000106994
1937	0.000135564
1938	0.000108344
1939	0.000136647
1940	0.000108248
1941	0.000134766
1942	0.000107454
1943	0.000136119
1944	0.000107986
1945	0.000135989
1946	0.00010891
1947	0.000135806
1948	0.000106706
1949	0.000134991
1950	0.000108081
1951	0.000136884
1952	0.000109062
1953	0.000134802
1954	0.000106322
1955	0.000134995
1956	0.000106559
1957	0.000135018
1958	0.000108366
1959	0.000136848
1960	0.00010861
1961	0.000134978
1962	0.000107203
1963	0.000135906
1964	0.000107867
1965	0.000135886
1966	0.000108953
1967	0.000135868
1968	0.000106992
1969	0.00013528
1970	0.000108281
1971	0.000136743
1972	0.000108247
1973	0.000134311
1974	0.000106587
1975	0.000135351
1976	0.00010661
1977	0.000134962
1978	0.000108144
1979	0.000136705
1980	0.000108107
1981	0.000134616
1982	0.000107239
1983	0.000136159
1984	0.000107949
1985	0.000135916
1986	0.000109028
1987	0.000135759
1988	0.000106688
1989	0.000134977
1990	0.000108537
1991	0.00013711
1992	0.000108346
1993	0.000134305
1994	0.000107271
1995	0.000135511
1996	0.000105781
1997	0.000134372
1998	0.000109168
1999	0.000137242
2000	0.000107252
