1	0.0104839
2	0.00220336
3	0.0010624
4	0.000590809
5	0.000491311
6	0.000417723
7	0.000370583
8	0.000339682
9	0.00031836
10	0.000300481
11	0.000283956
12	0.000258764
13	0.00023824
14	0.000209573
15	0.00019792
16	0.000186127
17	0.000175473
18	0.000167507
19	0.000160982
20	0.000149732
21	0.000140757
22	0.000133399
23	0.000133082
24	0.000126869
25	0.000120864
26	0.000115669
27	0.000112844
28	0.000110913
29	0.000109576
30	0.000109742
31	0.000110186
32	0.0001077
33	0.000107611
34	0.000108603
35	0.000106187
36	0.000107866
37	0.000106994
38	0.00011066
39	0.000108481
40	0.000111995
41	0.000109717
42	0.000111291
43	0.00011148
44	0.000115178
45	0.000116024
46	0.000118569
47	0.000121882
48	0.000126021
49	0.000125697
50	0.000125785
51	0.00012995
52	0.000132413
53	0.000132935
54	0.000133533
55	0.000138528
56	0.000140854
57	0.000142888
58	0.000140721
59	0.000144315
60	0.000140121
61	0.000135448
62	0.000134886
63	0.000136619
64	0.000135988
65	0.00013605
66	0.00013924
67	0.000139184
68	0.000143709
69	0.000138153
70	0.000143278
71	0.000142644
72	0.000143866
73	0.000141134
74	0.000139559
75	0.000133461
76	0.000136244
77	0.000130729
78	0.000134849
79	0.000131165
80	0.000132673
81	0.000128487
82	0.000135392
83	0.000131145
84	0.000129791
85	0.000128306
86	0.000127464
87	0.00012661
88	0.000129376
89	0.000130442
90	0.000128198
91	0.000124762
92	0.000123819
93	0.000122823
94	0.000124921
95	0.000126203
96	0.000124127
97	0.000124326
98	0.000123358
99	0.000117665
100	0.000117232
101	0.000115699
102	0.000116723
103	0.00011223
104	0.000112051
105	0.000108269
106	0.000109956
107	0.000106447
108	0.000106276
109	0.000102525
110	0.000100578
111	9.69002e-05
112	9.63637e-05
113	9.39327e-05
114	9.53369e-05
115	9.36157e-05
116	9.2729e-05
117	9.05963e-05
118	8.94827e-05
119	8.66816e-05
120	8.75155e-05
121	8.53634e-05
122	8.44679e-05
123	8.15261e-05
124	8.08207e-05
125	7.85142e-05
126	7.82281e-05
127	7.58995e-05
128	7.57566e-05
129	7.42671e-05
130	7.42301e-05
131	7.23791e-05
132	7.34349e-05
133	7.18407e-05
134	7.22919e-05
135	7.14209e-05
136	7.3713e-05
137	7.34725e-05
138	7.54312e-05
139	7.4407e-05
140	7.57437e-05
141	7.44481e-05
142	7.59133e-05
143	7.48709e-05
144	7.65884e-05
145	7.55095e-05
146	7.61666e-05
147	7.57308e-05
148	7.62785e-05
149	7.46798e-05
150	7.52325e-05
151	7.27586e-05
152	7.31145e-05
153	7.06631e-05
154	7.07196e-05
155	6.85725e-05
156	6.91186e-05
157	6.63006e-05
158	6.68924e-05
159	6.49724e-05
160	6.55733e-05
161	6.3108e-05
162	6.361e-05
163	6.1795e-05
164	6.27566e-05
165	6.04875e-05
166	6.0355e-05
167	5.87955e-05
168	6.01646e-05
169	5.66797e-05
170	5.64033e-05
171	5.34956e-05
172	5.16695e-05
173	4.70094e-05
174	4.52777e-05
175	4.02095e-05
176	3.85198e-05
177	3.44166e-05
178	3.47647e-05
179	3.15189e-05
180	3.21117e-05
181	2.9754e-05
182	3.05804e-05
183	2.77675e-05
184	2.85551e-05
185	2.64998e-05
186	2.72495e-05
187	2.49187e-05
188	2.58704e-05
189	2.44414e-05
190	2.52108e-05
191	2.36125e-05
192	2.43028e-05
193	2.24939e-05
194	2.28949e-05
195	2.17178e-05
196	2.20899e-05
197	2.07571e-05
198	2.20529e-05
199	2.0571e-05
200	2.1217e-05
201	2.00384e-05
202	2.10939e-05
203	1.97672e-05
204	2.05432e-05
205	1.92864e-05
206	2.03515e-05
207	1.90949e-05
208	1.99867e-05
209	1.88951e-05
210	1.98055e-05
211	1.86056e-05
212	1.95971e-05
213	1.83026e-05
214	1.93645e-05
215	1.80705e-05
216	1.92457e-05
217	1.79072e-05
218	1.90038e-05
219	1.76691e-05
220	1.86311e-05
221	1.74571e-05
222	1.8613e-05
223	1.74684e-05
224	1.84081e-05
225	1.71558e-05
226	1.81053e-05
227	1.69842e-05
228	1.79791e-05
229	1.68245e-05
230	1.77726e-05
231	1.66698e-05
232	1.76117e-05
233	1.63879e-05
234	1.76167e-05
235	1.62455e-05
236	1.73268e-05
237	1.61404e-05
238	1.72467e-05
239	1.58975e-05
240	1.70249e-05
241	1.57569e-05
242	1.6529e-05
243	1.53794e-05
244	1.62022e-05
245	1.47303e-05
246	1.5423e-05
247	1.42498e-05
248	1.46687e-05
249	1.31805e-05
250	1.39534e-05
251	1.24709e-05
252	1.30771e-05
253	1.15579e-05
254	1.22291e-05
255	1.0805e-05
256	1.15606e-05
257	1.01535e-05
258	1.09698e-05
259	9.50253e-06
260	1.04019e-05
261	8.99035e-06
262	9.81468e-06
263	8.38358e-06
264	9.35588e-06
265	8.02658e-06
266	9.19543e-06
267	7.85778e-06
268	8.89892e-06
269	7.61702e-06
270	8.69163e-06
271	7.20629e-06
272	8.29019e-06
273	6.91588e-06
274	7.97703e-06
275	6.53363e-06
276	7.66934e-06
277	6.28849e-06
278	7.32005e-06
279	6.00071e-06
280	7.10757e-06
281	5.79737e-06
282	6.82002e-06
283	5.54428e-06
284	6.60903e-06
285	5.32725e-06
286	6.42023e-06
287	5.18743e-06
288	6.24186e-06
289	2.88089e-05
290	5.96449e-06
291	2.81508e-05
292	5.9351e-06
293	2.78052e-05
294	5.86637e-06
295	2.72935e-05
296	5.78188e-06
297	2.69354e-05
298	5.68022e-06
299	2.61102e-05
300	5.47892e-06
301	2.52765e-05
302	5.37007e-06
303	2.44779e-05
304	5.16597e-06
305	2.34713e-05
306	4.97298e-06
307	2.25926e-05
308	4.7571e-06
309	2.13882e-05
310	4.52375e-06
311	2.03715e-05
312	4.31305e-06
313	1.92029e-05
314	4.08804e-06
315	1.82384e-05
316	3.87612e-06
317	1.72839e-05
318	3.7058e-06
319	1.65847e-05
320	3.5575e-06
321	1.5853e-05
322	3.44483e-06
323	1.54294e-05
324	3.34381e-06
325	1.49107e-05
326	3.32069e-06
327	1.46892e-05
328	3.27546e-06
329	1.42577e-05
330	3.17521e-06
331	1.39099e-05
332	3.19469e-06
333	1.37001e-05
334	3.09391e-06
335	1.33426e-05
336	3.02835e-06
337	1.29975e-05
338	2.98318e-06
339	1.27284e-05
340	2.91812e-06
341	1.24186e-05
342	2.88055e-06
343	1.22576e-05
344	2.82022e-06
345	1.19155e-05
346	2.75472e-06
347	1.17638e-05
348	2.70797e-06
349	1.16356e-05
350	2.67506e-06
351	1.15418e-05
352	2.65128e-06
353	1.13521e-05
354	2.61657e-06
355	1.119e-05
356	2.59674e-06
357	1.10261e-05
358	2.54803e-06
359	1.08384e-05
360	2.52842e-06
361	1.06665e-05
362	2.49939e-06
363	1.04832e-05
364	2.46312e-06
365	1.02474e-05
366	2.43293e-06
367	1.00539e-05
368	2.40259e-06
369	9.96128e-06
370	1.24934e-05
371	1.02104e-05
372	1.1613e-05
373	1.00135e-05
374	1.17155e-05
375	9.95201e-06
376	1.10978e-05
377	9.79298e-06
378	1.16151e-05
379	9.84438e-06
380	1.09801e-05
381	9.54065e-06
382	1.1219e-05
383	9.56039e-06
384	1.09025e-05
385	9.49698e-06
386	1.10791e-05
387	9.29028e-06
388	1.04688e-05
389	9.16546e-06
390	1.09447e-05
391	9.40931e-06
392	1.07612e-05
393	9.18389e-06
394	1.08013e-05
395	9.16946e-06
396	1.05211e-05
397	8.98593e-06
398	1.07121e-05
399	9.23047e-06
400	1.06224e-05
401	8.94009e-06
402	1.05066e-05
403	9.03073e-06
404	1.05838e-05
405	8.9782e-06
406	1.04871e-05
407	8.84469e-06
408	1.01471e-05
409	8.72659e-06
410	1.03893e-05
411	8.83212e-06
412	1.03345e-05
413	8.86806e-06
414	1.05039e-05
415	8.75081e-06
416	1.00022e-05
417	8.64155e-06
418	1.04439e-05
419	8.77384e-06
420	1.00465e-05
421	8.64463e-06
422	1.03911e-05
423	8.66857e-06
424	9.92999e-06
425	8.46775e-06
426	1.01058e-05
427	8.56404e-06
428	9.95414e-06
429	8.46055e-06
430	1.02144e-05
431	8.60951e-06
432	9.85773e-06
433	8.21064e-06
434	9.73914e-06
435	8.35763e-06
436	9.85913e-06
437	8.31368e-06
438	1.0022e-05
439	8.44981e-06
440	9.80338e-06
441	8.1862e-06
442	9.78371e-06
443	8.35064e-06
444	9.89809e-06
445	8.28276e-06
446	9.84806e-06
447	8.27325e-06
448	9.64618e-06
449	8.20378e-06
450	9.96032e-06
451	8.3745e-06
452	9.64291e-06
453	8.11625e-06
454	9.76354e-06
455	8.10285e-06
456	9.36755e-06
457	8.05589e-06
458	9.96415e-06
459	8.33889e-06
460	9.55965e-06
461	8.02458e-06
462	9.77462e-06
463	8.25762e-06
464	9.70334e-06
465	8.17245e-06
466	9.86161e-06
467	8.19947e-06
468	9.46733e-06
469	8.05724e-06
470	9.85799e-06
471	8.29024e-06
472	9.577e-06
473	8.0358e-06
474	9.67341e-06
475	8.01123e-06
476	9.30477e-06
477	8.04132e-06
478	9.95727e-06
479	8.18386e-06
480	9.33624e-06
481	7.92227e-06
482	9.69474e-06
483	8.15344e-06
484	9.57109e-06
485	8.23377e-06
486	9.92788e-06
487	8.06338e-06
488	9.20909e-06
489	7.89474e-06
490	9.73874e-06
491	8.11963e-06
492	9.40262e-06
493	7.91511e-06
494	9.58783e-06
495	7.9109e-06
496	9.15582e-06
497	7.8177e-06
498	9.65792e-06
499	8.20692e-06
500	9.56019e-06
501	7.93366e-06
502	9.54313e-06
503	8.06185e-06
504	9.61322e-06
505	7.98906e-06
506	9.54163e-06
507	8.01141e-06
508	9.44454e-06
509	7.93617e-06
510	9.64132e-06
511	8.10969e-06
512	9.4433e-06
513	7.776e-06
514	9.30242e-06
515	7.94485e-06
516	9.464e-06
517	7.91694e-06
518	9.6154e-06
519	8.05333e-06
520	9.41882e-06
521	7.82863e-06
522	9.46392e-06
523	8.01962e-06
524	9.5948e-06
525	7.96826e-06
526	9.5255e-06
527	7.95397e-06
528	9.35969e-06
529	7.87367e-06
530	9.64285e-06
531	8.10698e-06
532	9.38124e-06
533	7.71408e-06
534	9.26396e-06
535	7.8752e-06
536	9.38318e-06
537	7.88655e-06
538	9.64988e-06
539	8.06472e-06
540	9.36979e-06
541	7.79001e-06
542	9.42155e-06
543	7.98853e-06
544	9.572e-06
545	8.05538e-06
546	9.66935e-06
547	7.9085e-06
548	9.19475e-06
549	7.94175e-06
550	9.85393e-06
551	8.04964e-06
552	9.08336e-06
553	7.65578e-06
554	9.34121e-06
555	7.853e-06
556	9.26589e-06
557	7.94478e-06
558	9.83673e-06
559	8.02068e-06
560	9.1313e-06
561	7.71234e-06
562	9.47153e-06
563	7.98068e-06
564	9.46692e-06
565	7.94672e-06
566	9.59862e-06
567	7.94026e-06
568	9.26589e-06
569	7.79386e-06
570	9.59069e-06
571	8.1414e-06
572	9.46345e-06
573	7.7674e-06
574	9.28585e-06
575	7.84887e-06
576	9.32344e-06
577	7.78252e-06
578	9.50311e-06
579	8.07153e-06
580	9.49082e-06
581	7.82747e-06
582	9.39796e-06
583	7.94533e-06
584	9.5106e-06
585	7.90275e-06
586	9.48293e-06
587	7.93473e-06
588	9.36412e-06
589	7.85659e-06
590	9.60276e-06
591	8.0382e-06
592	9.30862e-06
593	7.66316e-06
594	9.24068e-06
595	7.91804e-06
596	9.41217e-06
597	7.82694e-06
598	9.51258e-06
599	7.98477e-06
600	9.34696e-06
601	7.77384e-06
602	9.43563e-06
603	7.95622e-06
604	9.48796e-06
605	7.878e-06
606	9.46017e-06
607	7.99372e-06
608	9.41464e-06
609	7.83033e-06
610	9.49635e-06
611	8.02965e-06
612	9.4245e-06
613	7.74057e-06
614	9.27884e-06
615	7.83661e-06
616	9.33447e-06
617	7.78565e-06
618	9.49566e-06
619	8.06011e-06
620	9.45206e-06
621	7.7898e-06
622	9.35509e-06
623	7.91972e-06
624	9.52854e-06
625	7.94763e-06
626	9.51311e-06
627	7.91179e-06
628	9.30433e-06
629	7.81905e-06
630	9.56481e-06
631	8.01627e-06
632	9.32426e-06
633	7.81405e-06
634	9.43367e-06
635	7.79137e-06
636	9.11585e-06
637	7.80854e-06
638	9.72329e-06
639	7.96338e-06
640	9.11163e-06
641	7.76335e-06
642	9.56545e-06
643	7.90737e-06
644	9.26865e-06
645	7.90485e-06
646	9.62513e-06
647	7.87582e-06
648	9.11158e-06
649	7.81404e-06
650	9.75877e-06
651	8.06398e-06
652	9.14786e-06
653	7.7501e-06
654	9.40736e-06
655	7.7787e-06
656	9.13727e-06
657	7.83891e-06
658	9.72961e-06
659	7.97897e-06
660	9.16133e-06
661	7.76738e-06
662	9.5758e-06
663	7.96898e-06
664	9.32785e-06
665	7.98755e-06
666	9.7197e-06
667	7.88594e-06
668	9.05044e-06
669	7.73786e-06
670	9.5984e-06
671	7.97146e-06
672	9.2373e-06
673	7.7317e-06
674	9.39902e-06
675	7.76427e-06
676	9.06398e-06
677	7.76534e-06
678	9.64788e-06
679	8.01762e-06
680	9.28459e-06
681	7.77334e-06
682	9.52629e-06
683	7.96494e-06
684	9.37919e-06
685	7.84179e-06
686	9.53784e-06
687	8.00089e-06
688	9.33575e-06
689	7.81409e-06
690	9.55329e-06
691	8.058e-06
692	9.42496e-06
693	7.71948e-06
694	9.23913e-06
695	7.80831e-06
696	9.27553e-06
697	7.76731e-06
698	9.52215e-06
699	8.08904e-06
700	9.49843e-06
701	7.77179e-06
702	9.26866e-06
703	7.88128e-06
704	9.54575e-06
705	7.9253e-06
706	9.47883e-06
707	7.91825e-06
708	9.3574e-06
709	7.81971e-06
710	9.53442e-06
711	8.07744e-06
712	9.39034e-06
713	7.6881e-06
714	9.16063e-06
715	7.82552e-06
716	9.43257e-06
717	7.84436e-06
718	9.53396e-06
719	7.98798e-06
720	9.39366e-06
721	7.77757e-06
722	9.40456e-06
723	7.93325e-06
724	9.46813e-06
725	7.85611e-06
726	9.42846e-06
727	7.97438e-06
728	9.42414e-06
729	7.84169e-06
730	9.50778e-06
731	7.99729e-06
732	9.33642e-06
733	7.68567e-06
734	9.25777e-06
735	7.82056e-06
736	9.29973e-06
737	7.7725e-06
738	9.49983e-06
739	7.99354e-06
740	9.3925e-06
741	7.77426e-06
742	9.38572e-06
743	7.94012e-06
744	9.50489e-06
745	7.88955e-06
746	9.44962e-06
747	7.90039e-06
748	9.31767e-06
749	7.80689e-06
750	9.53822e-06
751	8.0175e-06
752	9.34156e-06
753	7.68009e-06
754	9.24607e-06
755	7.80505e-06
756	9.27307e-06
757	7.74138e-06
758	9.4764e-06
759	8.07012e-06
760	9.48164e-06
761	7.78647e-06
762	9.34253e-06
763	7.90331e-06
764	9.4901e-06
765	7.88136e-06
766	9.45061e-06
767	7.9047e-06
768	9.34614e-06
769	7.827e-06
770	9.55497e-06
771	7.99802e-06
772	9.28658e-06
773	7.69801e-06
774	9.28647e-06
775	7.81908e-06
776	9.27031e-06
777	7.89031e-06
778	9.71455e-06
779	7.96241e-06
780	9.15882e-06
781	7.74834e-06
782	9.53283e-06
783	7.89305e-06
784	9.28262e-06
785	7.9477e-06
786	9.70868e-06
787	7.87091e-06
788	9.00075e-06
789	7.68214e-06
790	9.56596e-06
791	8.11589e-06
792	9.3999e-06
793	7.72308e-06
794	9.28369e-06
795	7.83194e-06
796	9.28921e-06
797	7.74543e-06
798	9.4724e-06
799	8.05749e-06
800	9.47498e-06
801	7.78661e-06
802	9.31256e-06
803	7.97385e-06
804	9.59568e-06
805	7.9162e-06
806	9.40117e-06
807	7.92462e-06
808	9.33675e-06
809	7.79611e-06
810	9.5234e-06
811	8.09921e-06
812	9.41538e-06
813	7.69359e-06
814	9.18856e-06
815	7.79885e-06
816	9.33517e-06
817	7.81165e-06
818	9.55262e-06
819	7.99941e-06
820	9.35423e-06
821	7.75561e-06
822	9.36088e-06
823	7.91667e-06
824	9.50094e-06
825	8.01193e-06
826	9.64366e-06
827	7.86574e-06
828	9.10478e-06
829	7.78376e-06
830	9.65591e-06
831	7.96102e-06
832	9.14621e-06
833	7.80529e-06
834	9.58245e-06
835	7.79976e-06
836	8.92773e-06
837	7.5625e-06
838	9.39259e-06
839	8.04398e-06
840	9.45353e-06
841	7.81544e-06
842	9.43129e-06
843	7.94611e-06
844	9.48539e-06
845	7.859e-06
846	9.42137e-06
847	7.95708e-06
848	9.39065e-06
849	7.81693e-06
850	9.47797e-06
851	7.9833e-06
852	9.36418e-06
853	7.69853e-06
854	9.22248e-06
855	7.80486e-06
856	9.33706e-06
857	7.80118e-06
858	9.49738e-06
859	8.05246e-06
860	9.46315e-06
861	7.78473e-06
862	9.33128e-06
863	7.91141e-06
864	9.53679e-06
865	7.92391e-06
866	9.4712e-06
867	7.90125e-06
868	9.33255e-06
869	7.84367e-06
870	9.57635e-06
871	8.01889e-06
872	9.29164e-06
873	7.75539e-06
874	9.36331e-06
875	7.772e-06
876	9.14073e-06
877	7.84772e-06
878	9.74266e-06
879	7.96241e-06
880	9.10469e-06
881	7.70183e-06
882	9.47341e-06
883	7.93971e-06
884	9.3796e-06
885	7.98297e-06
886	9.72816e-06
887	7.88269e-06
888	9.0175e-06
889	7.72127e-06
890	9.60758e-06
891	7.97289e-06
892	9.21796e-06
893	7.72685e-06
894	9.44093e-06
895	7.76735e-06
896	9.02246e-06
897	7.70285e-06
898	9.5784e-06
899	8.01803e-06
900	9.33281e-06
901	7.73519e-06
902	9.37523e-06
903	7.93307e-06
904	9.52835e-06
905	7.89732e-06
906	9.45191e-06
907	7.8892e-06
908	9.35329e-06
909	7.83357e-06
910	9.5755e-06
911	8.01517e-06
912	9.28704e-06
913	7.67261e-06
914	9.21393e-06
915	7.81912e-06
916	9.36585e-06
917	7.89458e-06
918	9.6497e-06
919	7.93605e-06
920	9.21916e-06
921	7.82942e-06
922	9.60106e-06
923	7.90189e-06
924	9.21009e-06
925	7.82745e-06
926	9.56257e-06
927	7.90499e-06
928	9.193e-06
929	7.89931e-06
930	9.78885e-06
931	7.98602e-06
932	9.0898e-06
933	7.6805e-06
934	9.4022e-06
935	7.76622e-06
936	9.05413e-06
937	7.75824e-06
938	9.67959e-06
939	8.10941e-06
940	9.32891e-06
941	7.76529e-06
942	9.46088e-06
943	7.96713e-06
944	9.47326e-06
945	7.90565e-06
946	9.54106e-06
947	7.92607e-06
948	9.26409e-06
949	7.76947e-06
950	9.52708e-06
951	8.10509e-06
952	9.46505e-06
953	7.71925e-06
954	9.18105e-06
955	7.769e-06
956	9.28952e-06
957	7.79341e-06
958	9.54518e-06
959	7.98698e-06
960	9.36328e-06
961	7.72049e-06
962	9.29963e-06
963	7.97875e-06
964	9.5946e-06
965	7.94575e-06
966	9.46686e-06
967	7.883e-06
968	9.2942e-06
969	7.79196e-06
970	9.51735e-06
971	8.04718e-06
972	9.41913e-06
973	7.73746e-06
974	9.24829e-06
975	7.79881e-06
976	9.25001e-06
977	7.74953e-06
978	9.49369e-06
979	8.08113e-06
980	9.51256e-06
981	7.81716e-06
982	9.34704e-06
983	7.94331e-06
984	9.5006e-06
985	7.8913e-06
986	9.44455e-06
987	7.97326e-06
988	9.38277e-06
989	7.83057e-06
990	9.51688e-06
991	7.98917e-06
992	9.30993e-06
993	7.67817e-06
994	9.25753e-06
995	7.85791e-06
996	9.36308e-06
997	7.83339e-06
998	9.55662e-06
999	7.98966e-06
1000	9.34079e-06
1001	7.73205e-06
1002	9.36735e-06
1003	7.98856e-06
1004	9.579e-06
1005	7.92094e-06
1006	9.45404e-06
1007	7.88776e-06
1008	9.2912e-06
1009	7.79637e-06
1010	9.54959e-06
1011	8.05041e-06
1012	9.38709e-06
1013	7.69802e-06
1014	9.21227e-06
1015	7.77373e-06
1016	9.24844e-06
1017	7.77263e-06
1018	9.56253e-06
1019	8.02833e-06
1020	9.37219e-06
1021	7.71175e-06
1022	9.28871e-06
1023	7.89642e-06
1024	9.53031e-06
1025	7.89199e-06
1026	9.43694e-06
1027	7.88895e-06
1028	9.36871e-06
1029	7.82023e-06
1030	9.55693e-06
1031	7.99462e-06
1032	9.26462e-06
1033	7.63294e-06
1034	9.18755e-06
1035	7.8745e-06
1036	9.42561e-06
1037	7.83859e-06
1038	9.52546e-06
1039	7.98605e-06
1040	9.34898e-06
1041	7.72838e-06
1042	9.35297e-06
1043	8.01787e-06
1044	9.62702e-06
1045	7.94467e-06
1046	9.44778e-06
1047	7.85367e-06
1048	9.22893e-06
1049	7.72532e-06
1050	9.4664e-06
1051	8.09031e-06
1052	9.52091e-06
1053	7.72453e-06
1054	9.14937e-06
1055	7.88632e-06
1056	9.44424e-06
1057	7.84075e-06
1058	9.50074e-06
1059	8.00532e-06
1060	9.36914e-06
1061	7.74872e-06
1062	9.35039e-06
1063	7.95026e-06
1064	9.57039e-06
1065	7.93322e-06
1066	9.46171e-06
1067	7.87113e-06
1068	9.25038e-06
1069	7.80816e-06
1070	9.59324e-06
1071	8.04226e-06
1072	9.32955e-06
1073	7.78064e-06
1074	9.38123e-06
1075	7.7672e-06
1076	9.10716e-06
1077	7.8151e-06
1078	9.7437e-06
1079	7.96829e-06
1080	9.09033e-06
1081	7.69449e-06
1082	9.4688e-06
1083	7.94575e-06
1084	9.39414e-06
1085	8.01909e-06
1086	9.71901e-06
1087	7.88491e-06
1088	9.07629e-06
1089	7.79523e-06
1090	9.69836e-06
1091	7.99434e-06
1092	9.12627e-06
1093	7.59906e-06
1094	9.27425e-06
1095	7.91739e-06
1096	9.35934e-06
1097	7.83801e-06
1098	9.62712e-06
1099	8.03012e-06
1100	9.35921e-06
1101	7.78298e-06
1102	9.46379e-06
1103	7.95083e-06
1104	9.43376e-06
1105	7.86651e-06
1106	9.47288e-06
1107	7.98278e-06
1108	9.39413e-06
1109	7.80224e-06
1110	9.42699e-06
1111	8.03631e-06
1112	9.47508e-06
1113	7.71672e-06
1114	9.20139e-06
1115	7.80774e-06
1116	9.37654e-06
1117	7.84746e-06
1118	9.56206e-06
1119	7.99384e-06
1120	9.3318e-06
1121	7.71109e-06
1122	9.31956e-06
1123	8.0125e-06
1124	9.64243e-06
1125	7.94695e-06
1126	9.43174e-06
1127	7.93303e-06
1128	9.34743e-06
1129	7.80459e-06
1130	9.50711e-06
1131	8.07513e-06
1132	9.4087e-06
1133	7.72332e-06
1134	9.23284e-06
1135	7.79431e-06
1136	9.26816e-06
1137	7.81856e-06
1138	9.60657e-06
1139	8.01115e-06
1140	9.33135e-06
1141	7.8482e-06
1142	9.52603e-06
1143	7.91147e-06
1144	9.37671e-06
1145	8.00171e-06
1146	9.70779e-06
1147	7.8792e-06
1148	9.05579e-06
1149	7.75715e-06
1150	9.66071e-06
1151	7.97201e-06
1152	9.14492e-06
1153	7.70393e-06
1154	9.43316e-06
1155	7.76953e-06
1156	9.04564e-06
1157	7.72275e-06
1158	9.59445e-06
1159	8.03079e-06
1160	9.33631e-06
1161	7.73767e-06
1162	9.39845e-06
1163	7.99879e-06
1164	9.55521e-06
1165	7.93521e-06
1166	9.47582e-06
1167	7.9018e-06
1168	9.3292e-06
1169	7.77282e-06
1170	9.45585e-06
1171	8.05538e-06
1172	9.46959e-06
1173	7.73402e-06
1174	9.22038e-06
1175	7.80037e-06
1176	9.31575e-06
1177	7.77741e-06
1178	9.50583e-06
1179	7.98371e-06
1180	9.37299e-06
1181	7.73854e-06
1182	9.32242e-06
1183	7.91076e-06
1184	9.52624e-06
1185	7.90445e-06
1186	9.44803e-06
1187	7.8884e-06
1188	9.33264e-06
1189	7.78807e-06
1190	9.49952e-06
1191	8.08119e-06
1192	9.43124e-06
1193	7.71996e-06
1194	9.18496e-06
1195	7.76603e-06
1196	9.29556e-06
1197	7.79754e-06
1198	9.54983e-06
1199	8.01033e-06
1200	9.37996e-06
1201	7.72292e-06
1202	9.3073e-06
1203	7.98913e-06
1204	9.59169e-06
1205	7.93819e-06
1206	9.468e-06
1207	7.88807e-06
1208	9.29466e-06
1209	7.77375e-06
1210	9.50091e-06
1211	8.05144e-06
1212	9.44504e-06
1213	7.73465e-06
1214	9.2386e-06
1215	7.78141e-06
1216	9.22267e-06
1217	7.71994e-06
1218	9.48807e-06
1219	8.0749e-06
1220	9.51204e-06
1221	7.79933e-06
1222	9.34399e-06
1223	7.95155e-06
1224	9.50462e-06
1225	7.875e-06
1226	9.42889e-06
1227	8.01392e-06
1228	9.42944e-06
1229	7.83563e-06
1230	9.4555e-06
1231	8.01784e-06
1232	9.39239e-06
1233	7.71428e-06
1234	9.23402e-06
1235	7.80555e-06
1236	9.30872e-06
1237	7.83976e-06
1238	9.58292e-06
1239	7.99381e-06
1240	9.31722e-06
1241	7.83985e-06
1242	9.56601e-06
1243	7.89774e-06
1244	9.27755e-06
1245	7.89429e-06
1246	9.63546e-06
1247	7.869e-06
1248	9.06554e-06
1249	7.81458e-06
1250	9.77099e-06
1251	8.05135e-06
1252	9.13212e-06
1253	7.72934e-06
1254	9.41359e-06
1255	7.78307e-06
1256	9.11668e-06
1257	7.80231e-06
1258	9.69264e-06
1259	8.03747e-06
1260	9.24611e-06
1261	7.72805e-06
1262	9.47396e-06
1263	7.99985e-06
1264	9.50273e-06
1265	7.94894e-06
1266	9.57479e-06
1267	7.91947e-06
1268	9.25876e-06
1269	7.78115e-06
1270	9.58532e-06
1271	8.11435e-06
1272	9.4021e-06
1273	7.70293e-06
1274	9.20392e-06
1275	7.78002e-06
1276	9.30143e-06
1277	7.80838e-06
1278	9.55143e-06
1279	8.00321e-06
1280	9.38013e-06
1281	7.71838e-06
1282	9.29226e-06
1283	7.98522e-06
1284	9.60346e-06
1285	7.94367e-06
1286	9.45837e-06
1287	7.89107e-06
1288	9.31986e-06
1289	7.7819e-06
1290	9.5001e-06
1291	8.08286e-06
1292	9.45904e-06
1293	7.73504e-06
1294	9.21763e-06
1295	7.7784e-06
1296	9.25503e-06
1297	7.76336e-06
1298	9.53196e-06
1299	8.07157e-06
1300	9.46379e-06
1301	7.78142e-06
1302	9.30803e-06
1303	7.88799e-06
1304	9.49611e-06
1305	7.92001e-06
1306	9.50186e-06
1307	7.9085e-06
1308	9.31303e-06
1309	7.77563e-06
1310	9.51388e-06
1311	8.08434e-06
1312	9.41151e-06
1313	7.69817e-06
1314	9.17301e-06
1315	7.86111e-06
1316	9.41121e-06
1317	7.84495e-06
1318	9.52539e-06
1319	8.03319e-06
1320	9.35181e-06
1321	7.71146e-06
1322	9.31588e-06
1323	7.99462e-06
1324	9.60042e-06
1325	7.94346e-06
1326	9.46734e-06
1327	7.88264e-06
1328	9.28139e-06
1329	7.74961e-06
1330	9.46045e-06
1331	8.08391e-06
1332	9.52182e-06
1333	7.71985e-06
1334	9.15411e-06
1335	7.8523e-06
1336	9.40257e-06
1337	7.84496e-06
1338	9.54686e-06
1339	8.03681e-06
1340	9.35745e-06
1341	7.70456e-06
1342	9.27549e-06
1343	7.98849e-06
1344	9.65393e-06
1345	7.93439e-06
1346	9.41224e-06
1347	7.90672e-06
1348	9.3859e-06
1349	7.84918e-06
1350	9.57027e-06
1351	8.03583e-06
1352	9.31626e-06
1353	7.62592e-06
1354	9.13228e-06
1355	7.84346e-06
1356	9.42932e-06
1357	7.84514e-06
1358	9.51347e-06
1359	8.03712e-06
1360	9.43557e-06
1361	7.76545e-06
1362	9.33567e-06
1363	7.95526e-06
1364	9.49724e-06
1365	7.88848e-06
1366	9.46004e-06
1367	7.88703e-06
1368	9.27575e-06
1369	7.75161e-06
1370	9.45807e-06
1371	8.07113e-06
1372	9.49291e-06
1373	7.70812e-06
1374	9.1607e-06
1375	7.78361e-06
1376	9.35374e-06
1377	7.85456e-06
1378	9.60159e-06
1379	8.02787e-06
1380	9.3606e-06
1381	7.74649e-06
1382	9.34927e-06
1383	7.91218e-06
1384	9.50186e-06
1385	8.00969e-06
1386	9.63773e-06
1387	7.86283e-06
1388	9.11465e-06
1389	7.83596e-06
1390	9.743e-06
1391	7.97829e-06
1392	9.07986e-06
1393	7.7118e-06
1394	9.46758e-06
1395	7.77371e-06
1396	8.99033e-06
1397	7.66608e-06
1398	9.56968e-06
1399	8.10277e-06
1400	9.41535e-06
1401	7.76484e-06
1402	9.36785e-06
1403	7.93647e-06
1404	9.56501e-06
1405	7.92438e-06
1406	9.4355e-06
1407	7.87449e-06
1408	9.31498e-06
1409	7.79621e-06
1410	9.53889e-06
1411	8.09946e-06
1412	9.43147e-06
1413	7.69415e-06
1414	9.14207e-06
1415	7.77599e-06
1416	9.33898e-06
1417	7.81955e-06
1418	9.57921e-06
1419	8.01381e-06
1420	9.38219e-06
1421	7.74687e-06
1422	9.3406e-06
1423	7.99906e-06
1424	9.5787e-06
1425	7.91836e-06
1426	9.43954e-06
1427	7.8674e-06
1428	9.28952e-06
1429	7.80443e-06
1430	9.55433e-06
1431	8.02898e-06
1432	9.37252e-06
1433	7.68271e-06
1434	9.19954e-06
1435	7.83254e-06
1436	9.3308e-06
1437	7.79139e-06
1438	9.51625e-06
1439	7.98313e-06
1440	9.38424e-06
1441	7.77013e-06
1442	9.38418e-06
1443	7.91853e-06
1444	9.47315e-06
1445	7.84768e-06
1446	9.40394e-06
1447	7.95587e-06
1448	9.41409e-06
1449	7.83953e-06
1450	9.49933e-06
1451	8.05459e-06
1452	9.41483e-06
1453	7.71187e-06
1454	9.1988e-06
1455	7.83138e-06
1456	9.30925e-06
1457	7.8065e-06
1458	9.52279e-06
1459	7.98077e-06
1460	9.35205e-06
1461	7.74084e-06
1462	9.37073e-06
1463	7.93306e-06
1464	9.51412e-06
1465	7.90496e-06
1466	9.4654e-06
1467	7.88757e-06
1468	9.27705e-06
1469	7.814e-06
1470	9.57122e-06
1471	8.02496e-06
1472	9.34199e-06
1473	7.79955e-06
1474	9.41446e-06
1475	7.76491e-06
1476	9.07356e-06
1477	7.74899e-06
1478	9.64183e-06
1479	8.03136e-06
1480	9.2727e-06
1481	7.75713e-06
1482	9.50981e-06
1483	7.9582e-06
1484	9.39327e-06
1485	7.86211e-06
1486	9.51771e-06
1487	7.98764e-06
1488	9.34971e-06
1489	7.83544e-06
1490	9.6106e-06
1491	8.03675e-06
1492	9.31041e-06
1493	7.65999e-06
1494	9.22553e-06
1495	7.80216e-06
1496	9.29966e-06
1497	7.80391e-06
1498	9.56118e-06
1499	8.02062e-06
1500	9.37523e-06
1501	7.72738e-06
1502	9.31174e-06
1503	7.90865e-06
1504	9.52001e-06
1505	7.8904e-06
1506	9.45248e-06
1507	7.9088e-06
1508	9.35219e-06
1509	7.79875e-06
1510	9.52101e-06
1511	8.00971e-06
1512	9.32048e-06
1513	7.66335e-06
1514	9.20776e-06
1515	7.80188e-06
1516	9.33492e-06
1517	7.79391e-06
1518	9.51361e-06
1519	7.98521e-06
1520	9.37616e-06
1521	7.75412e-06
1522	9.36116e-06
1523	7.92192e-06
1524	9.49614e-06
1525	7.90005e-06
1526	9.46182e-06
1527	7.87138e-06
1528	9.26103e-06
1529	7.74041e-06
1530	9.46008e-06
1531	8.07567e-06
1532	9.48491e-06
1533	7.7166e-06
1534	9.1952e-06
1535	7.78057e-06
1536	9.29667e-06
1537	7.81249e-06
1538	9.58632e-06
1539	8.01802e-06
1540	9.35207e-06
1541	7.73815e-06
1542	9.33781e-06
1543	7.91577e-06
1544	9.49954e-06
1545	8.00267e-06
1546	9.63976e-06
1547	7.87169e-06
1548	9.12775e-06
1549	7.84183e-06
1550	9.76573e-06
1551	7.98249e-06
1552	9.05379e-06
1553	7.64758e-06
1554	9.37505e-06
1555	7.82763e-06
1556	9.1847e-06
1557	7.95312e-06
1558	9.86658e-06
1559	7.99102e-06
1560	9.04916e-06
1561	7.62791e-06
1562	9.36144e-06
1563	7.9341e-06
1564	9.51324e-06
1565	7.90213e-06
1566	9.48036e-06
1567	7.9027e-06
1568	9.32189e-06
1569	7.7936e-06
1570	9.52063e-06
1571	8.06339e-06
1572	9.41542e-06
1573	7.70735e-06
1574	9.21001e-06
1575	7.80325e-06
1576	9.29406e-06
1577	7.77069e-06
1578	9.51779e-06
1579	8.0536e-06
1580	9.46271e-06
1581	7.76254e-06
1582	9.29579e-06
1583	7.8849e-06
1584	9.51346e-06
1585	7.90266e-06
1586	9.48055e-06
1587	7.90306e-06
1588	9.33284e-06
1589	7.80056e-06
1590	9.52515e-06
1591	8.09049e-06
1592	9.42214e-06
1593	7.69364e-06
1594	9.16399e-06
1595	7.76893e-06
1596	9.32462e-06
1597	7.82783e-06
1598	9.57418e-06
1599	7.99992e-06
1600	9.35812e-06
1601	7.77151e-06
1602	9.37933e-06
1603	7.92462e-06
1604	9.47889e-06
1605	8.00403e-06
1606	9.65463e-06
1607	7.86228e-06
1608	9.08167e-06
1609	7.78648e-06
1610	9.6843e-06
1611	7.97789e-06
1612	9.13992e-06
1613	7.75422e-06
1614	9.51077e-06
1615	7.79918e-06
1616	8.98008e-06
1617	7.62648e-06
1618	9.48849e-06
1619	8.042e-06
1620	9.43502e-06
1621	7.77404e-06
1622	9.34305e-06
1623	7.90602e-06
1624	9.50819e-06
1625	7.89879e-06
1626	9.44902e-06
1627	7.88929e-06
1628	9.34027e-06
1629	7.79237e-06
1630	9.48422e-06
1631	8.06007e-06
1632	9.42103e-06
1633	7.72106e-06
1634	9.21193e-06
1635	7.79027e-06
1636	9.30804e-06
1637	7.79915e-06
1638	9.53858e-06
1639	7.98089e-06
1640	9.36155e-06
1641	7.72828e-06
1642	9.30687e-06
1643	7.91477e-06
1644	9.5241e-06
1645	7.91395e-06
1646	9.48024e-06
1647	7.91358e-06
1648	9.33332e-06
1649	7.82922e-06
1650	9.55662e-06
1651	7.99349e-06
1652	9.29099e-06
1653	7.77212e-06
1654	9.38475e-06
1655	7.76454e-06
1656	9.11783e-06
1657	7.84891e-06
1658	9.76333e-06
1659	7.9575e-06
1660	9.08469e-06
1661	7.69648e-06
1662	9.47046e-06
1663	7.94048e-06
1664	9.39096e-06
1665	7.99743e-06
1666	9.73688e-06
1667	7.87527e-06
1668	9.01176e-06
1669	7.7299e-06
1670	9.64226e-06
1671	7.96913e-06
1672	9.1819e-06
1673	7.73503e-06
1674	9.49384e-06
1675	7.79767e-06
1676	8.98739e-06
1677	7.6391e-06
1678	9.49908e-06
1679	8.10064e-06
1680	9.49091e-06
1681	7.80926e-06
1682	9.38772e-06
1683	7.92548e-06
1684	9.50642e-06
1685	7.86623e-06
1686	9.40673e-06
1687	7.93501e-06
1688	9.40076e-06
1689	7.82863e-06
1690	9.48726e-06
1691	7.99405e-06
1692	9.38847e-06
1693	7.71477e-06
1694	9.22105e-06
1695	7.80018e-06
1696	9.334e-06
1697	7.80306e-06
1698	9.4977e-06
1699	8.06019e-06
1700	9.47841e-06
1701	7.78653e-06
1702	9.32606e-06
1703	7.89838e-06
1704	9.51881e-06
1705	7.91716e-06
1706	9.49556e-06
1707	7.91831e-06
1708	9.33998e-06
1709	7.78392e-06
1710	9.49192e-06
1711	8.07305e-06
1712	9.40868e-06
1713	7.69883e-06
1714	9.18026e-06
1715	7.87979e-06
1716	9.43465e-06
1717	7.84466e-06
1718	9.51346e-06
1719	8.03331e-06
1720	9.39095e-06
1721	7.74486e-06
1722	9.32619e-06
1723	8.00013e-06
1724	9.60998e-06
1725	7.93165e-06
1726	9.43184e-06
1727	7.86494e-06
1728	9.27792e-06
1729	7.79018e-06
1730	9.53438e-06
1731	8.01163e-06
1732	9.37609e-06
1733	7.70543e-06
1734	9.22809e-06
1735	7.78509e-06
1736	9.25981e-06
1737	7.75806e-06
1738	9.5117e-06
1739	8.08622e-06
1740	9.49468e-06
1741	7.787e-06
1742	9.32228e-06
1743	7.88742e-06
1744	9.46321e-06
1745	7.89308e-06
1746	9.49845e-06
1747	7.91571e-06
1748	9.30462e-06
1749	7.77095e-06
1750	9.49754e-06
1751	8.07926e-06
1752	9.41999e-06
1753	7.71765e-06
1754	9.23043e-06
1755	7.79494e-06
1756	9.28712e-06
1757	7.77917e-06
1758	9.53742e-06
1759	7.98925e-06
1760	9.35418e-06
1761	7.72449e-06
1762	9.32413e-06
1763	7.92562e-06
1764	9.53802e-06
1765	7.91168e-06
1766	9.48168e-06
1767	7.90567e-06
1768	9.31392e-06
1769	7.83769e-06
1770	9.59207e-06
1771	8.01911e-06
1772	9.28956e-06
1773	7.75575e-06
1774	9.3609e-06
1775	7.7485e-06
1776	9.11985e-06
1777	7.84147e-06
1778	9.77516e-06
1779	7.98023e-06
1780	9.09761e-06
1781	7.68563e-06
1782	9.46406e-06
1783	7.95206e-06
1784	9.39653e-06
1785	7.98995e-06
1786	9.74199e-06
1787	7.8889e-06
1788	9.0113e-06
1789	7.70055e-06
1790	9.58514e-06
1791	7.97298e-06
1792	9.24186e-06
1793	7.77042e-06
1794	9.49792e-06
1795	7.79344e-06
1796	8.98923e-06
1797	7.64454e-06
1798	9.51262e-06
1799	8.08994e-06
1800	9.4673e-06
1801	7.78374e-06
1802	9.33706e-06
1803	7.90244e-06
1804	9.51939e-06
1805	7.92084e-06
1806	9.49486e-06
1807	7.90274e-06
1808	9.29107e-06
1809	7.80004e-06
1810	9.51653e-06
1811	7.99261e-06
1812	9.3504e-06
1813	7.8076e-06
1814	9.41004e-06
1815	7.78037e-06
1816	9.13567e-06
1817	7.85053e-06
1818	9.74026e-06
1819	7.96303e-06
1820	9.11308e-06
1821	7.73887e-06
1822	9.53537e-06
1823	7.88567e-06
1824	9.27113e-06
1825	7.90749e-06
1826	9.69048e-06
1827	7.92023e-06
1828	9.09235e-06
1829	7.86054e-06
1830	9.739e-06
1831	7.99211e-06
1832	9.14216e-06
1833	7.67143e-06
1834	9.34045e-06
1835	7.83595e-06
1836	9.21876e-06
1837	7.7631e-06
1838	9.59769e-06
1839	8.10524e-06
1840	9.41448e-06
1841	7.77844e-06
1842	9.39057e-06
1843	7.934e-06
1844	9.52975e-06
1845	7.91311e-06
1846	9.45306e-06
1847	7.87463e-06
1848	9.28384e-06
1849	7.77354e-06
1850	9.5183e-06
1851	8.1014e-06
1852	9.46436e-06
1853	7.71713e-06
1854	9.17436e-06
1855	7.76784e-06
1856	9.28011e-06
1857	7.7941e-06
1858	9.57369e-06
1859	8.0086e-06
1860	9.35876e-06
1861	7.70584e-06
1862	9.27906e-06
1863	7.98908e-06
1864	9.65336e-06
1865	7.93725e-06
1866	9.41129e-06
1867	7.86666e-06
1868	9.34137e-06
1869	7.85112e-06
1870	9.59538e-06
1871	8.01936e-06
1872	9.28578e-06
1873	7.61356e-06
1874	9.121e-06
1875	7.85421e-06
1876	9.45608e-06
1877	7.83077e-06
1878	9.48065e-06
1879	8.08447e-06
1880	9.52794e-06
1881	7.82781e-06
1882	9.36376e-06
1883	7.95103e-06
1884	9.46848e-06
1885	7.85695e-06
1886	9.42724e-06
1887	7.98185e-06
1888	9.44108e-06
1889	7.85191e-06
1890	9.49813e-06
1891	7.97433e-06
1892	9.32612e-06
1893	7.70298e-06
1894	9.28848e-06
1895	7.81851e-06
1896	9.26258e-06
1897	7.7585e-06
1898	9.4856e-06
1899	8.05564e-06
1900	9.46538e-06
1901	7.79104e-06
1902	9.36011e-06
1903	7.91833e-06
1904	9.48535e-06
1905	7.88845e-06
1906	9.48159e-06
1907	7.89286e-06
1908	9.28537e-06
1909	7.75664e-06
1910	9.45995e-06
1911	8.0835e-06
1912	9.48549e-06
1913	7.72717e-06
1914	9.20253e-06
1915	7.79345e-06
1916	9.29971e-06
1917	7.78795e-06
1918	9.54038e-06
1919	7.99299e-06
1920	9.36968e-06
1921	7.71784e-06
1922	9.28218e-06
1923	7.97648e-06
1924	9.62422e-06
1925	7.93718e-06
1926	9.43749e-06
1927	7.87911e-06
1928	9.32743e-06
1929	7.82816e-06
1930	9.57138e-06
1931	8.01266e-06
1932	9.30954e-06
1933	7.64727e-06
1934	9.16346e-06
1935	7.84829e-06
1936	9.42502e-06
1937	7.85154e-06
1938	9.53513e-06
1939	7.99478e-06
1940	9.37862e-06
1941	7.75737e-06
1942	9.3709e-06
1943	7.97848e-06
1944	9.55641e-06
1945	7.90992e-06
1946	9.45416e-06
1947	7.88708e-06
1948	9.2771e-06
1949	7.76066e-06
1950	9.49263e-06
1951	8.10244e-06
1952	9.49705e-06
1953	7.73494e-06
1954	9.19377e-06
1955	7.7752e-06
1956	9.28723e-06
1957	7.79165e-06
1958	9.54839e-06
1959	8.05139e-06
1960	9.44615e-06
1961	7.77668e-06
1962	9.34851e-06
1963	7.90951e-06
1964	9.50563e-06
1965	7.89789e-06
1966	9.45915e-06
1967	7.91039e-06
1968	9.35251e-06
1969	7.81777e-06
1970	9.53039e-06
1971	7.98481e-06
1972	9.28395e-06
1973	7.66743e-06
1974	9.23359e-06
1975	7.81376e-06
1976	9.31632e-06
1977	7.77987e-06
1978	9.51813e-06
1979	7.9884e-06
1980	9.34434e-06
1981	7.73133e-06
1982	9.34537e-06
1983	7.93467e-06
1984	9.5433e-06
1985	7.9114e-06
1986	9.46329e-06
1987	7.88299e-06
1988	9.26474e-06
1989	7.81345e-06
1990	9.59491e-06
1991	8.02858e-06
1992	9.32021e-06
1993	7.77601e-06
1994	9.388e-06
1995	7.7654e-06
1996	9.1004e-06
1997	7.81718e-06
1998	9.75073e-06
1999	7.96985e-06
2000	9.10053e-06
