1	1
2	0.198013
3	0.0689176
4	0.066149
5	0.0958379
6	0.112339
7	0.0953075
8	0.0923148
9	0.104169
10	0.0943384
11	0.0921141
12	0.0896946
13	0.0862473
14	0.0842917
15	0.0850943
16	0.0894597
17	0.0935501
18	0.0942063
19	0.0909141
20	0.0896825
21	0.0884546
22	0.0883141
23	0.0870211
24	0.0875246
25	0.0861751
26	0.0863663
27	0.0833144
28	0.0815174
29	0.0802875
30	0.0791935
31	0.0781583
32	0.0771506
33	0.0753161
34	0.0742267
35	0.071932
36	0.0720651
37	0.0711683
38	0.0719398
39	0.0720028
40	0.073484
41	0.0742563
42	0.0759634
43	0.0773112
44	0.0781968
45	0.0799429
46	0.0816082
47	0.081994
48	0.0825686
49	0.0837503
50	0.0848262
51	0.085582
52	0.0869394
53	0.0891454
54	0.0913806
55	0.0964716
56	0.095317
57	0.101686
58	0.101349
59	0.109068
60	0.107226
61	0.112872
62	0.110465
63	0.116082
64	0.117271
65	0.116444
66	0.116631
67	0.117156
68	0.117775
69	0.11799
70	0.117538
71	0.117276
72	0.116805
73	0.116454
74	0.120801
75	0.114812
76	0.118803
77	0.11441
78	0.117707
79	0.113751
80	0.112624
81	0.111845
82	0.111416
83	0.108352
84	0.105446
85	0.103706
86	0.102332
87	0.0992363
88	0.0947613
89	0.0903472
90	0.0866351
91	0.085416
92	0.0838801
93	0.0826393
94	0.0831302
95	0.0841651
96	0.0862272
97	0.0883919
98	0.0900046
99	0.0933382
100	0.0949434
101	0.0912812
102	0.0844836
103	0.0751077
104	0.0735692
105	0.0707056
106	0.067097
107	0.0647179
108	0.0636256
109	0.0631367
110	0.0606519
111	0.0601306
112	0.0597554
113	0.058411
114	0.0567118
115	0.0548584
116	0.0554433
117	0.0554167
118	0.0585393
119	0.0621653
120	0.0642899
121	0.0657004
122	0.0666111
123	0.0671116
124	0.0655578
125	0.0655866
126	0.0651375
127	0.0627327
128	0.0614094
129	0.0623221
130	0.0605265
131	0.0585214
132	0.0574099
133	0.0577647
134	0.0576167
135	0.059307
136	0.058304
137	0.0606702
138	0.0605996
139	0.064052
140	0.0638026
141	0.0620416
142	0.0623415
143	0.0621106
144	0.0638729
145	0.0657427
146	0.0659196
147	0.0661566
148	0.0657908
149	0.063878
150	0.0627425
151	0.0617339
152	0.0599655
153	0.0597566
154	0.0577472
155	0.0559932
156	0.0538249
157	0.0522115
158	0.0512644
159	0.0506548
160	0.0501342
161	0.0501472
162	0.0502547
163	0.0514684
164	0.052281
165	0.053499
166	0.0546074
167	0.0558345
168	0.057141
169	0.0580084
170	0.0596805
171	0.0603571
172	0.0625186
173	0.0601
174	0.0535556
175	0.047941
176	0.0453288
177	0.0443629
178	0.0416549
179	0.0387228
180	0.0357469
181	0.0330437
182	0.0310411
183	0.0289006
184	0.0271319
185	0.0254113
186	0.0239009
187	0.0227066
188	0.0213084
189	0.0202784
190	0.019236
191	0.0182318
192	0.0173655
193	0.0168851
194	0.0160082
195	0.0156037
196	0.0151463
197	0.0147721
198	0.0144732
199	0.014249
200	0.014102
201	0.0140324
202	0.0139569
203	0.0138822
204	0.0138414
205	0.0137802
206	0.0137599
207	0.0137843
208	0.0138183
209	0.013858
210	0.0138934
211	0.013966
212	0.0140775
213	0.0142312
214	0.0143973
215	0.0145571
216	0.0147465
217	0.0149577
218	0.015131
219	0.0153092
220	0.0154972
221	0.0156757
222	0.0158508
223	0.0159968
224	0.0161401
225	0.0162814
226	0.0164682
227	0.0167038
228	0.0170596
229	0.0174085
230	0.0176936
231	0.0179676
232	0.0182448
233	0.0185627
234	0.0188425
235	0.0190683
236	0.0192945
237	0.0194454
238	0.0195436
239	0.0195352
240	0.0193712
241	0.0190482
242	0.018786
243	0.0184331
244	0.0179457
245	0.0175728
246	0.0171793
247	0.016868
248	0.0164401
249	0.0159654
250	0.0154257
251	0.0149175
252	0.0142911
253	0.0137119
254	0.0128243
255	0.0120047
256	0.011296
257	0.0107426
258	0.0102644
259	0.00997616
260	0.00960474
261	0.00927775
262	0.00892277
263	0.00855792
264	0.00821087
265	0.00790291
266	0.00761668
267	0.00732389
268	0.0071126
269	0.00692206
270	0.00675908
271	0.00653531
272	0.00642533
273	0.00624582
274	0.00610904
275	0.00598848
276	0.00579346
277	0.00570313
278	0.00558143
279	0.00546456
280	0.00535608
281	0.00527265
282	0.00516662
283	0.00510931
284	0.00505648
285	0.00501309
286	0.00495969
287	0.00492069
288	0.00485376
289	0.00483607
290	0.00476296
291	0.00472143
292	0.00465942
293	0.00461903
294	0.00450018
295	0.00443129
296	0.00436909
297	0.00430194
298	0.00422231
299	0.00416553
300	0.00407726
301	0.00400214
302	0.00390163
303	0.00380598
304	0.00367499
305	0.00357419
306	0.00346512
307	0.00339104
308	0.00327148
309	0.00320725
310	0.00312656
311	0.00305565
312	0.00296343
313	0.00290313
314	0.00283111
315	0.00279217
316	0.00272507
317	0.00268452
318	0.00262028
319	0.00256065
320	0.00250798
321	0.00246573
322	0.00241991
323	0.00237013
324	0.00232118
325	0.00227254
326	0.00221761
327	0.00217532
328	0.00211466
329	0.00206569
330	0.00200511
331	0.00196243
332	0.00190753
333	0.0018578
334	0.00181506
335	0.00177211
336	0.00173966
337	0.0016969
338	0.00166364
339	0.00162957
340	0.00159864
341	0.00157588
342	0.00155689
343	0.00154253
344	0.00151631
345	0.00150037
346	0.00147584
347	0.00145941
348	0.00142114
349	0.00140131
350	0.00137073
351	0.00135379
352	0.00132037
353	0.00130821
354	0.00128056
355	0.00125688
356	0.00122755
357	0.001208
358	0.00117607
359	0.00115328
360	0.00111577
361	0.001088
362	0.00105547
363	0.00103401
364	0.00100304
365	0.00099447
366	0.000964358
367	0.000951069
368	0.000933122
369	0.000923506
370	0.000906398
371	0.000883735
372	0.000872398
373	0.000853004
374	0.000848084
375	0.000822902
376	0.000817951
377	0.000815724
378	0.000810489
379	0.000800133
380	0.00079435
381	0.000779159
382	0.000766808
383	0.000754759
384	0.000746422
385	0.000739998
386	0.000730558
387	0.000716274
388	0.000706011
389	0.000696791
390	0.000684267
391	0.000677991
392	0.000671608
393	0.000660228
394	0.000648334
395	0.000641067
396	0.000631186
397	0.000625489
398	0.000614529
399	0.000610457
400	0.000599532
401	0.000596542
402	0.000584959
403	0.000581212
404	0.000572325
405	0.000566975
406	0.000557351
407	0.000555041
408	0.000553381
409	0.000551826
410	0.000543443
411	0.000536968
412	0.000535092
413	0.000527178
414	0.000518369
415	0.00051919
416	0.00051134
417	0.000507956
418	0.000495098
419	0.000488447
420	0.000482368
421	0.000475844
422	0.000466813
423	0.000460719
424	0.000458703
425	0.000451065
426	0.000445658
427	0.00043954
428	0.000440524
429	0.000433317
430	0.000430917
431	0.000425161
432	0.000427328
433	0.000422355
434	0.000414794
435	0.000412299
436	0.000413583
437	0.000407689
438	0.000405176
439	0.000399102
440	0.000402028
441	0.000392624
442	0.000389183
443	0.000388124
444	0.000384025
445	0.000383225
446	0.000381159
447	0.000379102
448	0.000376691
449	0.000376679
450	0.000371382
451	0.000371719
452	0.000372158
453	0.000369439
454	0.000360747
455	0.000361975
456	0.000361529
457	0.00036039
458	0.000354772
459	0.000350328
460	0.0003519
461	0.000349427
462	0.000342294
463	0.000344749
464	0.000343517
465	0.000343418
466	0.000340197
467	0.000339584
468	0.000336984
469	0.000337408
470	0.000333028
471	0.000333459
472	0.000334206
473	0.000331568
474	0.000324017
475	0.000324628
476	0.00032491
477	0.000323902
478	0.000321066
479	0.000319916
480	0.00032141
481	0.00031769
482	0.00031202
483	0.000310898
484	0.000311252
485	0.000306198
486	0.000305129
487	0.000301506
488	0.00030141
489	0.000300359
490	0.000297568
491	0.000296925
492	0.000299517
493	0.000296708
494	0.000290139
495	0.000290491
496	0.000291853
497	0.000290932
498	0.000288846
499	0.000287914
500	0.000290401
501	0.000287994
502	0.000283414
503	0.000284028
504	0.000285663
505	0.000285246
506	0.000283514
507	0.00028224
508	0.000281776
509	0.000282764
510	0.000279562
511	0.00027962
512	0.00028179
513	0.000280179
514	0.000272512
515	0.000274128
516	0.000275119
517	0.000275403
518	0.000272751
519	0.000272616
520	0.000275525
521	0.000274463
522	0.000269177
523	0.000270826
524	0.000271555
525	0.00027194
526	0.000269482
527	0.000268314
528	0.000267932
529	0.000269447
530	0.000265873
531	0.000266382
532	0.00026848
533	0.000267443
534	0.00025919
535	0.000260869
536	0.000262012
537	0.000262686
538	0.000259893
539	0.000257397
540	0.00026304
541	0.000260665
542	0.000256275
543	0.000257422
544	0.000257747
545	0.000259731
546	0.000259536
547	0.000256949
548	0.000256385
549	0.000258619
550	0.000254877
551	0.000255879
552	0.000258568
553	0.000257076
554	0.000249998
555	0.00025163
556	0.0002535
557	0.00025422
558	0.000252028
559	0.000252173
560	0.000255632
561	0.0002542
562	0.000249463
563	0.000250646
564	0.000252886
565	0.000253081
566	0.000251631
567	0.000250479
568	0.000250736
569	0.000251942
570	0.000249081
571	0.000249172
572	0.000252593
573	0.000251061
574	0.000244047
575	0.000245421
576	0.000247633
577	0.000248586
578	0.000246156
579	0.00024629
580	0.000249976
581	0.000248972
582	0.000243951
583	0.00024542
584	0.000247611
585	0.00024808
586	0.000246505
587	0.000245383
588	0.000245975
589	0.000247357
590	0.000244599
591	0.000244765
592	0.000248393
593	0.000247156
594	0.000240326
595	0.000242585
596	0.000244576
597	0.000245728
598	0.000243265
599	0.00024349
600	0.000246853
601	0.000246287
602	0.000240877
603	0.000242707
604	0.000244578
605	0.000245329
606	0.000243217
607	0.000242576
608	0.000242459
609	0.000244368
610	0.000240975
611	0.000241492
612	0.000244764
613	0.000243836
614	0.000236613
615	0.000238683
616	0.000240751
617	0.000242223
618	0.000239686
619	0.000240327
620	0.000243893
621	0.000243353
622	0.000238183
623	0.000239989
624	0.000242005
625	0.000242781
626	0.000240925
627	0.000239992
628	0.000240401
629	0.000242032
630	0.000239044
631	0.000239585
632	0.000243066
633	0.000241991
634	0.000235011
635	0.000236903
636	0.000239207
637	0.0002402
638	0.000238325
639	0.000239102
640	0.000242406
641	0.000241472
642	0.000236752
643	0.000238637
644	0.000240732
645	0.000241091
646	0.000239799
647	0.000239053
648	0.000239283
649	0.000240727
650	0.000238303
651	0.000238774
652	0.000242261
653	0.000240663
654	0.00023426
655	0.000236265
656	0.000238362
657	0.000239373
658	0.00023751
659	0.000237983
660	0.000241678
661	0.000240544
662	0.000236036
663	0.000237851
664	0.000239798
665	0.000240029
666	0.000238887
667	0.000238234
668	0.000238405
669	0.000239782
670	0.000237177
671	0.000237795
672	0.000241268
673	0.000240096
674	0.000233348
675	0.000235087
676	0.000237498
677	0.000238347
678	0.000236622
679	0.000237178
680	0.000240649
681	0.000239591
682	0.000235018
683	0.000236755
684	0.000238906
685	0.000239204
686	0.000238046
687	0.000237302
688	0.00023742
689	0.000238929
690	0.000236448
691	0.000236813
692	0.000240423
693	0.000239218
694	0.000232442
695	0.000234182
696	0.000236519
697	0.000237808
698	0.000235511
699	0.000236147
700	0.000239957
701	0.000239186
702	0.000234296
703	0.000235828
704	0.000238148
705	0.000238833
706	0.000237349
707	0.000236498
708	0.000236962
709	0.000238514
710	0.00023581
711	0.00023618
712	0.000239862
713	0.000238726
714	0.00023188
715	0.000233607
716	0.000228327
717	0.000239536
718	0.000235212
719	0.000235553
720	0.000240654
721	0.000238684
722	0.000234678
723	0.000235868
724	0.000238296
725	0.000239332
726	0.000237302
727	0.000236912
728	0.000237391
729	0.000238857
730	0.000236355
731	0.000236496
732	0.000240464
733	0.000239233
734	0.000232392
735	0.000234369
736	0.00023668
737	0.000238021
738	0.000235841
739	0.000236333
740	0.000240211
741	0.000239307
742	0.000234624
743	0.000235888
744	0.00023886
745	0.000238989
746	0.000237932
747	0.000236784
748	0.000237585
749	0.000239069
750	0.000236478
751	0.000236832
752	0.000240623
753	0.000239493
754	0.000232676
755	0.000234539
756	0.000236983
757	0.000238115
758	0.000236085
759	0.000236273
760	0.000240566
761	0.000239424
762	0.000235012
763	0.000236192
764	0.000238975
765	0.000239195
766	0.000238088
767	0.000236864
768	0.000237806
769	0.000239199
770	0.000236564
771	0.000236874
772	0.00024056
773	0.000239418
774	0.000232513
775	0.000234458
776	0.000236877
777	0.000237918
778	0.000236015
779	0.000236392
780	0.000240342
781	0.000239205
782	0.000234756
783	0.000236207
784	0.000238674
785	0.000238659
786	0.000237924
787	0.000237062
788	0.000237386
789	0.0002386
790	0.000236164
791	0.000236615
792	0.000240366
793	0.000239068
794	0.00023242
795	0.000234017
796	0.000236647
797	0.00023769
798	0.000235675
799	0.000235901
800	0.000239991
801	0.000238975
802	0.000234339
803	0.00023563
804	0.00023839
805	0.00023876
806	0.000237454
807	0.000236293
808	0.000237148
809	0.000238501
810	0.000235955
811	0.000236282
812	0.000240007
813	0.000238741
814	0.000232121
815	0.000233605
816	0.000236387
817	0.000237292
818	0.000235439
819	0.000235686
820	0.000239633
821	0.000238722
822	0.000233948
823	0.00023535
824	0.000238099
825	0.000238369
826	0.000237229
827	0.000236099
828	0.00023686
829	0.00023799
830	0.000235699
831	0.000236064
832	0.000239721
833	0.000238101
834	0.000231877
835	0.000225667
836	0.00023121
837	0.000238255
838	0.000234535
839	0.000236162
840	0.000239638
841	0.000238844
842	0.000234513
843	0.000235496
844	0.000238631
845	0.000238737
846	0.000237354
847	0.000236416
848	0.000236972
849	0.000238446
850	0.000235936
851	0.000235996
852	0.00024007
853	0.000238575
854	0.000232071
855	0.000233684
856	0.000228439
857	0.000239629
858	0.000235142
859	0.000235496
860	0.000240536
861	0.000238425
862	0.000234687
863	0.000235704
864	0.000238179
865	0.000239051
866	0.000237203
867	0.00023665
868	0.000237234
869	0.000238605
870	0.000236266
871	0.000236254
872	0.000240495
873	0.000239085
874	0.000232421
875	0.000234408
876	0.000236511
877	0.000237704
878	0.000235914
879	0.000236601
880	0.000240269
881	0.000239041
882	0.00023475
883	0.000236451
884	0.000238851
885	0.000239014
886	0.000238163
887	0.000237062
888	0.000237732
889	0.00023878
890	0.000236509
891	0.000237078
892	0.000240514
893	0.000239353
894	0.000232689
895	0.000234639
896	0.000236928
897	0.000237725
898	0.000236204
899	0.000236604
900	0.000240511
901	0.000239474
902	0.00023501
903	0.000236159
904	0.000239069
905	0.000239183
906	0.000238159
907	0.000236965
908	0.000237719
909	0.000239187
910	0.00023659
911	0.000236821
912	0.000240644
913	0.000239421
914	0.000232581
915	0.000234517
916	0.000236809
917	0.000237978
918	0.000236026
919	0.000236361
920	0.000240403
921	0.000239216
922	0.000234912
923	0.000236446
924	0.000238722
925	0.000238721
926	0.000237803
927	0.000236947
928	0.000237448
929	0.000238614
930	0.000236428
931	0.000236887
932	0.000240317
933	0.000238788
934	0.000232365
935	0.000234238
936	0.000236534
937	0.000237539
938	0.000235693
939	0.000236363
940	0.000239952
941	0.000238717
942	0.000234333
943	0.000235847
944	0.000238305
945	0.000238399
946	0.000237622
947	0.000236391
948	0.000237152
949	0.00023836
950	0.00023604
951	0.000236172
952	0.000240218
953	0.000238718
954	0.000232163
955	0.000233697
956	0.000236184
957	0.000237271
958	0.000235349
959	0.000235718
960	0.000239704
961	0.000238776
962	0.000234074
963	0.000235445
964	0.00023802
965	0.0002384
966	0.000237244
967	0.000236076
968	0.000236855
969	0.000238135
970	0.000235666
971	0.000235889
972	0.000239725
973	0.000238492
974	0.000231739
975	0.000225236
976	0.000231215
977	0.000238342
978	0.000234611
979	0.000236198
980	0.000239604
981	0.000238862
982	0.000234425
983	0.000235255
984	0.000238413
985	0.000238702
986	0.00023724
987	0.000236577
988	0.000236969
989	0.000238542
990	0.000235838
991	0.00023605
992	0.000239972
993	0.000238585
994	0.000232141
995	0.000233817
996	0.00022854
997	0.000239661
998	0.000235352
999	0.000235573
1000	0.000240724
1001	0.000238524
1002	0.000234733
1003	0.000235744
1004	0.000238198
1005	0.000239102
1006	0.000237271
1007	0.000236679
1008	0.000237242
1009	0.000238574
1010	0.000236279
1011	0.000236268
1012	0.000240507
1013	0.00023916
1014	0.000232458
1015	0.000234221
1016	0.000236531
1017	0.000237861
1018	0.000235779
1019	0.000236314
1020	0.000240355
1021	0.000239387
1022	0.000234719
1023	0.000235935
1024	0.000238759
1025	0.000239036
1026	0.000237904
1027	0.000236748
1028	0.0002376
1029	0.000239092
1030	0.000236505
1031	0.000236792
1032	0.000240512
1033	0.000239425
1034	0.000232518
1035	0.000234403
1036	0.00023699
1037	0.000238047
1038	0.000236216
1039	0.000236431
1040	0.000240507
1041	0.000239504
1042	0.000234958
1043	0.000236249
1044	0.000239066
1045	0.00023932
1046	0.000238152
1047	0.000236968
1048	0.000237703
1049	0.000239101
1050	0.000236487
1051	0.000236983
1052	0.000240568
1053	0.000239421
1054	0.000232692
1055	0.000234399
1056	0.000236794
1057	0.000238044
1058	0.00023601
1059	0.000236427
1060	0.000240445
1061	0.000239429
1062	0.000234772
1063	0.000236247
1064	0.000238841
1065	0.000239149
1066	0.000238017
1067	0.000236617
1068	0.000237636
1069	0.000238873
1070	0.000236402
1071	0.000236755
1072	0.000240488
1073	0.000239148
1074	0.000232497
1075	0.00023409
1076	0.000236699
1077	0.000237514
1078	0.000235884
1079	0.000236394
1080	0.000239993
1081	0.000238823
1082	0.000234317
1083	0.00023598
1084	0.000238319
1085	0.000238379
1086	0.000237599
1087	0.000236621
1088	0.000236999
1089	0.000238118
1090	0.000235898
1091	0.000236228
1092	0.000240104
1093	0.000238726
1094	0.00023211
1095	0.000233995
1096	0.000236316
1097	0.00023721
1098	0.000235491
1099	0.000235877
1100	0.000239657
1101	0.000238547
1102	0.000234233
1103	0.000235668
1104	0.000238103
1105	0.000238445
1106	0.000237217
1107	0.000236064
1108	0.000236965
1109	0.000238205
1110	0.000235772
1111	0.000235828
1112	0.000239643
1113	0.000238363
1114	0.000231804
1115	0.000225385
1116	0.000231291
1117	0.000238471
1118	0.000234709
1119	0.000236103
1120	0.000239601
1121	0.000238854
1122	0.000234354
1123	0.000235515
1124	0.000238492
1125	0.000238801
1126	0.000237443
1127	0.000236483
1128	0.000236973
1129	0.000238568
1130	0.000235838
1131	0.000236179
1132	0.000240119
1133	0.000238779
1134	0.00023208
1135	0.000233839
1136	0.000228497
1137	0.000239668
1138	0.00023534
1139	0.000235717
1140	0.000240744
1141	0.000238541
1142	0.000234822
1143	0.000235841
1144	0.000238286
1145	0.000238899
1146	0.00023744
1147	0.000237084
1148	0.000237183
1149	0.000238309
1150	0.000236279
1151	0.000236526
1152	0.000240502
1153	0.000239143
1154	0.000232491
1155	0.000234524
1156	0.000236588
1157	0.000237618
1158	0.000235853
1159	0.00023639
1160	0.000240269
1161	0.000239259
1162	0.000234806
1163	0.000236042
1164	0.00023892
1165	0.00023901
1166	0.000238046
1167	0.000236685
1168	0.000237787
1169	0.000239145
1170	0.000236613
1171	0.000236949
1172	0.000240534
1173	0.000239548
1174	0.000232637
1175	0.000234502
1176	0.000236977
1177	0.000238108
1178	0.000236161
1179	0.000236514
1180	0.000240543
1181	0.000239576
1182	0.000234963
1183	0.0002362
1184	0.000239012
1185	0.000239262
1186	0.000238182
1187	0.000237071
1188	0.000237739
1189	0.000239213
1190	0.000236527
1191	0.000236765
1192	0.000240602
1193	0.000239409
1194	0.000232673
1195	0.000234471
1196	0.000236906
1197	0.000238023
1198	0.000236009
1199	0.000236379
1200	0.000240451
1201	0.000239482
1202	0.000234755
1203	0.000236038
1204	0.000238726
1205	0.000239032
1206	0.000237896
1207	0.000236666
1208	0.000237508
1209	0.000238728
1210	0.000236231
1211	0.000236525
1212	0.000240319
1213	0.00023911
1214	0.000232302
1215	0.000233903
1216	0.000236502
1217	0.000237511
1218	0.000235581
1219	0.000236099
1220	0.000239878
1221	0.000239003
1222	0.000234312
1223	0.00023547
1224	0.00023832
1225	0.000238587
1226	0.000237398
1227	0.000236383
1228	0.000237165
1229	0.00023856
1230	0.000235917
1231	0.000236097
1232	0.000239981
1233	0.000238727
1234	0.000232081
1235	0.000233872
1236	0.000236259
1237	0.000237441
1238	0.00023541
1239	0.000235662
1240	0.000239773
1241	0.000238766
1242	0.000234258
1243	0.000235653
1244	0.000238225
1245	0.00023833
1246	0.000237387
1247	0.000236355
1248	0.000236896
1249	0.000237902
1250	0.000235856
1251	0.000236415
1252	0.000239797
1253	0.00023832
1254	0.000231842
1255	0.000233633
1256	0.000228299
1257	0.000239346
1258	0.0002352
1259	0.000235722
1260	0.000240557
1261	0.000238311
1262	0.000234736
1263	0.000236026
1264	0.000238191
1265	0.000238902
1266	0.000237453
1267	0.000236975
1268	0.000237247
1269	0.000238433
1270	0.000236322
1271	0.00023634
1272	0.000240344
1273	0.000239013
1274	0.000232342
1275	0.00023405
1276	0.000236372
1277	0.000237696
1278	0.000235624
1279	0.000236158
1280	0.000240214
1281	0.000239193
1282	0.000234594
1283	0.000235764
1284	0.000238626
1285	0.000238865
1286	0.000237881
1287	0.000236648
1288	0.000237535
1289	0.000238888
1290	0.000236363
1291	0.000236826
1292	0.000240415
1293	0.000239441
1294	0.000232573
1295	0.00023429
1296	0.000236867
1297	0.000237954
1298	0.000236022
1299	0.000236555
1300	0.000240479
1301	0.00023944
1302	0.000234921
1303	0.000236004
1304	0.000238879
1305	0.000239083
1306	0.000238054
1307	0.00023702
1308	0.000237667
1309	0.00023912
1310	0.000236459
1311	0.000236749
1312	0.000240562
1313	0.000239332
1314	0.000232544
1315	0.000234377
1316	0.000236796
1317	0.000238052
1318	0.000235933
1319	0.000236362
1320	0.000240363
1321	0.000239479
1322	0.000234697
1323	0.000236224
1324	0.000238764
1325	0.00023906
1326	0.000237963
1327	0.000236608
1328	0.00023758
1329	0.000238782
1330	0.000236384
1331	0.000236557
1332	0.000240375
1333	0.000239156
1334	0.000232367
1335	0.000233934
1336	0.000236549
1337	0.000237649
1338	0.000235713
1339	0.000236172
1340	0.000240009
1341	0.000239166
1342	0.000234287
1343	0.000235735
1344	0.000238426
1345	0.000238701
1346	0.000237613
1347	0.000236284
1348	0.000237179
1349	0.000238447
1350	0.000236057
1351	0.000236177
1352	0.000240216
1353	0.000238788
1354	0.000232057
1355	0.000233703
1356	0.000236156
1357	0.000237318
1358	0.00023523
1359	0.000235611
1360	0.000239636
1361	0.00023877
1362	0.000234061
1363	0.000235616
1364	0.000238054
1365	0.000238593
1366	0.000237208
1367	0.000236162
1368	0.000236947
1369	0.000238237
1370	0.000235751
1371	0.000235905
1372	0.000239912
1373	0.000238564
1374	0.000232
1375	0.000233436
1376	0.000228299
1377	0.000239409
1378	0.00023521
1379	0.000235582
1380	0.000240611
1381	0.000238583
1382	0.000234646
1383	0.000235748
1384	0.000238225
1385	0.000239101
1386	0.000237294
1387	0.000236908
1388	0.000237225
1389	0.000238375
1390	0.000236263
1391	0.000236529
1392	0.000240279
1393	0.000238731
1394	0.000232289
1395	0.000234524
1396	0.000236367
1397	0.000237567
1398	0.000235645
1399	0.000236284
1400	0.000240124
1401	0.000239097
1402	0.000234681
1403	0.000235808
1404	0.000238791
1405	0.00023892
1406	0.000237861
1407	0.000236455
1408	0.000237479
1409	0.000238895
1410	0.000236432
1411	0.00023699
1412	0.000240497
1413	0.000239451
1414	0.000232572
1415	0.000234256
1416	0.000236843
1417	0.000237909
1418	0.000236148
1419	0.000236577
1420	0.000240509
1421	0.000239474
1422	0.000234917
1423	0.00023609
1424	0.000238959
1425	0.000239182
1426	0.000238086
1427	0.000236932
1428	0.000237678
1429	0.000239064
1430	0.000236357
1431	0.000236753
1432	0.000240585
1433	0.000239385
1434	0.000232507
1435	0.000234386
1436	0.000236671
1437	0.00023792
1438	0.000235822
1439	0.000236186
1440	0.000240297
1441	0.000239293
1442	0.000234642
1443	0.000235974
1444	0.000238686
1445	0.000238954
1446	0.000237717
1447	0.000236514
1448	0.00023739
1449	0.000238659
1450	0.00023624
1451	0.000236429
1452	0.000240238
1453	0.000239057
1454	0.000232272
1455	0.000234033
1456	0.000236522
1457	0.000237709
1458	0.000235567
1459	0.000236153
1460	0.000239921
1461	0.000239041
1462	0.000234328
1463	0.000235592
1464	0.00023849
1465	0.000238662
1466	0.000237632
1467	0.00023631
1468	0.000237208
1469	0.000238473
1470	0.000236033
1471	0.000236182
1472	0.000240137
1473	0.00023872
1474	0.000232172
1475	0.000233762
1476	0.000236309
1477	0.000237171
1478	0.000235384
1479	0.000235959
1480	0.000239639
1481	0.000238427
1482	0.000234107
1483	0.000235767
1484	0.000237936
1485	0.000238216
1486	0.000237241
1487	0.000236208
1488	0.000236775
1489	0.000237984
1490	0.000235786
1491	0.000236041
1492	0.00023979
1493	0.000238465
1494	0.000231761
1495	0.000225191
1496	0.00023127
1497	0.000238429
1498	0.000234563
1499	0.000236088
1500	0.000239691
1501	0.000238864
1502	0.000234328
1503	0.000235255
1504	0.000238407
1505	0.000238631
1506	0.000237272
1507	0.00023648
1508	0.000236906
1509	0.000238456
1510	0.00023584
1511	0.000235947
1512	0.00024001
1513	0.000238563
1514	0.000231992
1515	0.000233676
1516	0.000236168
1517	0.000237336
1518	0.000235231
1519	0.00023562
1520	0.000239564
1521	0.000238737
1522	0.000233976
1523	0.000235498
1524	0.000237998
1525	0.000238489
1526	0.000237146
1527	0.000235996
1528	0.000236896
1529	0.00023819
1530	0.000235778
1531	0.000235957
1532	0.000239874
1533	0.000238552
1534	0.000231983
1535	0.000233467
1536	0.000236204
1537	0.000237126
1538	0.000235345
1539	0.00023567
1540	0.00023966
1541	0.000238794
1542	0.000233927
1543	0.00023534
1544	0.000238026
1545	0.000238369
1546	0.0002372
1547	0.00023631
1548	0.000236799
1549	0.000238079
1550	0.00023578
1551	0.000236211
1552	0.000239801
1553	0.000238159
1554	0.000231881
1555	0.00023384
1556	0.000228253
1557	0.000239273
1558	0.000235235
1559	0.000235766
1560	0.000240641
1561	0.000238256
1562	0.000234568
1563	0.000235862
1564	0.000238212
1565	0.000239243
1566	0.00023729
1567	0.000236846
1568	0.00023736
1569	0.000238745
1570	0.0002364
1571	0.000236275
1572	0.000240453
1573	0.000239114
1574	0.000232455
1575	0.000234236
1576	0.000236528
1577	0.000237821
1578	0.000235822
1579	0.000236216
1580	0.00024032
1581	0.00023927
1582	0.00023476
1583	0.000235852
1584	0.000238707
1585	0.000238957
1586	0.00023792
1587	0.000236759
1588	0.000237582
1589	0.000239041
1590	0.00023643
1591	0.000236849
1592	0.000240459
1593	0.000239442
1594	0.000232549
1595	0.000234348
1596	0.000236959
1597	0.000238042
1598	0.000236112
1599	0.00023649
1600	0.000240576
1601	0.00023954
1602	0.000234943
1603	0.000236089
1604	0.000238983
1605	0.000239146
1606	0.000238154
1607	0.000237101
1608	0.000237697
1609	0.000238938
1610	0.000236566
1611	0.000237115
1612	0.00024058
1613	0.000239107
1614	0.000232644
1615	0.000234885
1616	0.000236792
1617	0.000237889
1618	0.000235913
1619	0.00023641
1620	0.000240376
1621	0.000239455
1622	0.000234821
1623	0.000235947
1624	0.000238809
1625	0.000238965
1626	0.000237896
1627	0.000236523
1628	0.000237515
1629	0.000238778
1630	0.00023628
1631	0.000236504
1632	0.000240261
1633	0.000239035
1634	0.000232313
1635	0.000233964
1636	0.000236517
1637	0.000237549
1638	0.00023568
1639	0.00023607
1640	0.000239974
1641	0.000239103
1642	0.000234292
1643	0.000235517
1644	0.000238344
1645	0.00023858
1646	0.000237449
1647	0.000236367
1648	0.00023709
1649	0.000238483
1650	0.000235934
1651	0.000236024
1652	0.000239999
1653	0.000238632
1654	0.00023205
1655	0.000233821
1656	0.000236175
1657	0.000237107
1658	0.000235396
1659	0.000235923
1660	0.000239569
1661	0.000238383
1662	0.000233973
1663	0.000235839
1664	0.00023798
1665	0.000238366
1666	0.00023733
1667	0.000236325
1668	0.00023688
1669	0.000237886
1670	0.000235669
1671	0.000236103
1672	0.000239706
1673	0.000238341
1674	0.000231829
1675	0.00022554
1676	0.000231235
1677	0.000238117
1678	0.000234641
1679	0.000236184
1680	0.000239616
1681	0.000238808
1682	0.000234426
1683	0.000235293
1684	0.000238492
1685	0.000238622
1686	0.000237272
1687	0.000236408
1688	0.000236852
1689	0.000238418
1690	0.000235879
1691	0.00023602
1692	0.000240034
1693	0.000238601
1694	0.000232024
1695	0.000233706
1696	0.000228401
1697	0.000239624
1698	0.000235169
1699	0.000235519
1700	0.000240478
1701	0.00023845
1702	0.000234647
1703	0.000235688
1704	0.000238157
1705	0.000239001
1706	0.00023716
1707	0.000236661
1708	0.000237222
1709	0.000238607
1710	0.000236283
1711	0.000236219
1712	0.000240432
1713	0.000239124
1714	0.000232417
1715	0.000234323
1716	0.000236601
1717	0.000237985
1718	0.000235815
1719	0.000236372
1720	0.000240334
1721	0.000239495
1722	0.000234762
1723	0.000236324
1724	0.000238944
1725	0.000239214
1726	0.000238179
1727	0.000236827
1728	0.000237831
1729	0.000239156
1730	0.000236725
1731	0.00023705
1732	0.000240743
1733	0.000239644
1734	0.000232758
1735	0.000234449
1736	0.000237055
1737	0.000238083
1738	0.000236202
1739	0.000236537
1740	0.000240622
1741	0.000239632
1742	0.000235112
1743	0.000236094
1744	0.000239105
1745	0.000239222
1746	0.000238209
1747	0.000237145
1748	0.00023779
1749	0.000239247
1750	0.000236561
1751	0.000236853
1752	0.000240636
1753	0.000239472
1754	0.000232642
1755	0.000234493
1756	0.000236868
1757	0.000238002
1758	0.000235948
1759	0.000236375
1760	0.000240387
1761	0.000239417
1762	0.000234725
1763	0.000235986
1764	0.000238696
1765	0.000238981
1766	0.000237788
1767	0.000236596
1768	0.000237493
1769	0.000238777
1770	0.000236253
1771	0.000236463
1772	0.000240289
1773	0.000238984
1774	0.000232298
1775	0.000234083
1776	0.000236561
1777	0.000237429
1778	0.000235786
1779	0.000236381
1780	0.000239876
1781	0.000238699
1782	0.00023426
1783	0.000236
1784	0.000238352
1785	0.00023853
1786	0.000237653
1787	0.000236706
1788	0.000237133
1789	0.000238188
1790	0.000235953
1791	0.000236293
1792	0.000240043
1793	0.000238599
1794	0.000232166
1795	0.000233992
1796	0.000236228
1797	0.000237
1798	0.000235273
1799	0.000235715
1800	0.000239652
1801	0.000238731
1802	0.000234092
1803	0.000235379
1804	0.000238047
1805	0.000238363
1806	0.000237172
1807	0.000236023
1808	0.000236823
1809	0.000238177
1810	0.000235706
1811	0.000235937
1812	0.000239718
1813	0.000238427
1814	0.00023176
1815	0.000233499
1816	0.00022817
1817	0.000239149
1818	0.000235196
1819	0.000235784
1820	0.000240471
1821	0.000238225
1822	0.000234599
1823	0.000236078
1824	0.000238219
1825	0.000239093
1826	0.000237346
1827	0.000237111
1828	0.000237217
1829	0.000238299
1830	0.000236256
1831	0.000236439
1832	0.000240307
1833	0.000238904
1834	0.000232377
1835	0.000234407
1836	0.000236469
1837	0.000237599
1838	0.000235786
1839	0.000236267
1840	0.000240113
1841	0.000238968
1842	0.000234758
1843	0.000235898
1844	0.000238756
1845	0.000238857
1846	0.000237895
1847	0.000236475
1848	0.000237493
1849	0.000238918
1850	0.00023633
1851	0.000236865
1852	0.000240439
1853	0.000239438
1854	0.000232571
1855	0.000234223
1856	0.000236846
1857	0.000237902
1858	0.00023612
1859	0.000236587
1860	0.000240492
1861	0.000239462
1862	0.000234884
1863	0.000236021
1864	0.000238916
1865	0.000239129
1866	0.000238108
1867	0.000236887
1868	0.000237625
1869	0.000239066
1870	0.000236409
1871	0.000236773
1872	0.000240627
1873	0.000239414
1874	0.000232504
1875	0.000234351
1876	0.000236672
1877	0.000237932
1878	0.000235871
1879	0.000236183
1880	0.000240303
1881	0.000239354
1882	0.000234722
1883	0.000236104
1884	0.00023872
1885	0.000239032
1886	0.000237674
1887	0.000236759
1888	0.000237507
1889	0.000238804
1890	0.000236379
1891	0.000236533
1892	0.00024036
1893	0.000239053
1894	0.000232362
1895	0.000234172
1896	0.000236645
1897	0.000237701
1898	0.000235671
1899	0.000235989
1900	0.000239954
1901	0.000238962
1902	0.000234331
1903	0.000235628
1904	0.000238407
1905	0.000238565
1906	0.000237506
1907	0.000236257
1908	0.000237174
1909	0.000238468
1910	0.000235923
1911	0.000235982
1912	0.000240005
1913	0.000238601
1914	0.000232016
1915	0.000233679
1916	0.000236123
1917	0.000237254
1918	0.000235198
1919	0.000235531
1920	0.000239621
1921	0.000238739
1922	0.00023392
1923	0.000235359
1924	0.000237928
1925	0.000238372
1926	0.000237142
1927	0.000235971
1928	0.000236789
1929	0.000238102
1930	0.000235631
1931	0.000235855
1932	0.000239803
1933	0.000238466
1934	0.000231658
1935	0.000225172
1936	0.000231182
1937	0.000238352
1938	0.000234633
1939	0.000236077
1940	0.000239602
1941	0.00023882
1942	0.000234337
1943	0.000235315
1944	0.00023845
1945	0.000238632
1946	0.000237265
1947	0.000236375
1948	0.00023686
1949	0.000238358
1950	0.000235761
1951	0.000236003
1952	0.000240004
1953	0.000238578
1954	0.000232025
1955	0.000233512
1956	0.000228262
1957	0.000239467
1958	0.000235105
1959	0.000235645
1960	0.000240519
1961	0.000238451
1962	0.000234655
1963	0.0002356
1964	0.000238051
1965	0.000238998
1966	0.000237067
1967	0.000236665
1968	0.000237188
1969	0.000238598
1970	0.000236213
1971	0.000236123
1972	0.000240354
1973	0.000239071
1974	0.000232358
1975	0.000234343
1976	0.000236578
1977	0.000237889
1978	0.000235825
1979	0.000236159
1980	0.000240282
1981	0.000239317
1982	0.000234693
1983	0.000236034
1984	0.000238884
1985	0.000239072
1986	0.000237973
1987	0.000236663
1988	0.000237607
1989	0.000239006
1990	0.000236474
1991	0.000236979
1992	0.00024058
1993	0.000239483
1994	0.000232642
1995	0.000234432
1996	0.000236973
1997	0.000237881
1998	0.000236243
1999	0.000236837
2000	0.000240487
