1	0.0880692
2	0.01778
3	0.00391246
4	0.00648298
5	0.00824404
6	0.00650257
7	0.00377325
8	0.00628184
9	0.0052315
10	0.00640761
11	0.00608874
12	0.00529736
13	0.00467169
14	0.00461917
15	0.00540864
16	0.00565225
17	0.00516144
18	0.004786
19	0.00484473
20	0.00469268
21	0.00460879
22	0.00437819
23	0.00472821
24	0.00427897
25	0.00460248
26	0.00465409
27	0.00522487
28	0.00509417
29	0.00474548
30	0.00465489
31	0.00453827
32	0.00593861
33	0.00433504
34	0.00499388
35	0.00384338
36	0.00547691
37	0.00426375
38	0.00507897
39	0.00409934
40	0.00538798
41	0.00434791
42	0.00442964
43	0.00585849
44	0.00449226
45	0.00465651
46	0.00527651
47	0.00474871
48	0.00412827
49	0.00406726
50	0.00440024
51	0.00425075
52	0.00400823
53	0.00414709
54	0.00889269
55	0.00555255
56	0.00871317
57	0.00508747
58	0.00903872
59	0.00447916
60	0.00960542
61	0.00433195
62	0.00942349
63	0.0111657
64	0.0112735
65	0.0111074
66	0.0108129
67	0.0106585
68	0.0108806
69	0.0109799
70	0.0111028
71	0.011175
72	0.00553365
73	0.0104347
74	0.00615108
75	0.0108461
76	0.00619312
77	0.0103749
78	0.00654123
79	0.0102906
80	0.0056438
81	0.00517508
82	0.00535071
83	0.0061371
84	0.00561052
85	0.00544403
86	0.00571893
87	0.00625339
88	0.00612704
89	0.00597405
90	0.00516907
91	0.00560622
92	0.0060743
93	0.00531861
94	0.00560237
95	0.00674547
96	0.00645097
97	0.00691003
98	0.00666375
99	0.00887108
100	0.00937169
101	0.00830574
102	0.00771477
103	0.00577174
104	0.0070776
105	0.00593449
106	0.00537118
107	0.00590595
108	0.00617656
109	0.00584798
110	0.00503626
111	0.00594088
112	0.00548687
113	0.00424661
114	0.00356253
115	0.00368151
116	0.0036845
117	0.00380507
118	0.00520799
119	0.00473516
120	0.0040472
121	0.00415173
122	0.00464854
123	0.00443888
124	0.00476005
125	0.00647569
126	0.00638112
127	0.00275802
128	0.00502643
129	0.00573114
130	0.00498426
131	0.00529472
132	0.00568563
133	0.0049522
134	0.00556327
135	0.00483954
136	0.00512669
137	0.00295469
138	0.00465633
139	0.00520458
140	0.00631741
141	0.00545065
142	0.00572488
143	0.00575814
144	0.00616204
145	0.00442456
146	0.0037957
147	0.00499772
148	0.00582469
149	0.0050522
150	0.00536559
151	0.00462523
152	0.00555877
153	0.00510603
154	0.00490242
155	0.00512162
156	0.00415237
157	0.00405737
158	0.00416651
159	0.00409433
160	0.0041866
161	0.00467707
162	0.00478137
163	0.00487593
164	0.00487569
165	0.00494152
166	0.00488182
167	0.00459619
168	0.0040436
169	0.00496249
170	0.00393343
171	0.00586379
172	0.00420718
173	0.00374785
174	0.00366173
175	0.00441079
176	0.00363887
177	0.00353302
178	0.00354037
179	0.0036126
180	0.00318013
181	0.00327443
182	0.00265057
183	0.00273305
184	0.00251854
185	0.0021716
186	0.00238744
187	0.00184456
188	0.00175003
189	0.00162534
190	0.00143905
191	0.00125143
192	0.0017188
193	0.00128125
194	0.00123566
195	0.00117819
196	0.00109723
197	0.00102249
198	0.000985477
199	0.0010073
200	0.00108766
201	0.00117996
202	0.00122793
203	0.00121947
204	0.00115895
205	0.00107596
206	0.00100075
207	0.000968477
208	0.000994089
209	0.0010804
210	0.00118656
211	0.0012708
212	0.00130728
213	0.00130245
214	0.00127285
215	0.00124017
216	0.00122416
217	0.00123785
218	0.0012674
219	0.00130215
220	0.00132645
221	0.00133626
222	0.00133286
223	0.00132262
224	0.00130575
225	0.00129749
226	0.00129554
227	0.0013055
228	0.0013224
229	0.00132235
230	0.00132956
231	0.0017946
232	0.00153126
233	0.00185579
234	0.00186543
235	0.00169463
236	0.00191711
237	0.00155699
238	0.00174747
239	0.00170894
240	0.00162503
241	0.00184438
242	0.00179141
243	0.00175589
244	0.00161407
245	0.00151899
246	0.00143207
247	0.0013587
248	0.00130179
249	0.00123777
250	0.0011605
251	0.0010737
252	0.00101449
253	0.00100387
254	0.000925788
255	0.00119136
256	0.00104741
257	0.00106813
258	0.000766833
259	0.000752963
260	0.000781718
261	0.000823946
262	0.000859698
263	0.000683847
264	0.000815784
265	0.000746647
266	0.00058682
267	0.000617854
268	0.000586179
269	0.000528474
270	0.000481631
271	0.000626833
272	0.000509268
273	0.000437833
274	0.00058917
275	0.000468102
276	0.000397215
277	0.000563085
278	0.000434538
279	0.00037379
280	0.000353519
281	0.000348282
282	0.000345892
283	0.000342388
284	0.000336913
285	0.000475547
286	0.000321106
287	0.00044788
288	0.000437703
289	0.000412063
290	0.000366589
291	0.000447757
292	0.000448946
293	0.00044279
294	0.000366082
295	0.000422278
296	0.000398918
297	0.000340799
298	0.000395822
299	0.0003269
300	0.000386393
301	0.000332091
302	0.000330618
303	0.000305928
304	0.000266845
305	0.000349881
306	0.000337918
307	0.000268336
308	0.000232011
309	0.000211498
310	0.000202079
311	0.000195168
312	0.000187294
313	0.000178716
314	0.00027544
315	0.000265025
316	0.000246388
317	0.000221352
318	0.000190684
319	0.000254459
320	0.000235258
321	0.00022071
322	0.000236055
323	0.000201381
324	0.000200714
325	0.000206468
326	0.000215744
327	0.0001777
328	0.000175241
329	0.000162619
330	0.000197015
331	0.000182848
332	0.000151902
333	0.000185507
334	0.000142601
335	0.000163472
336	0.000125484
337	0.000149057
338	0.000111767
339	0.00013862
340	0.000101014
341	0.000131366
342	0.00014259
343	0.000137713
344	0.00013381
345	0.000127443
346	0.000121024
347	0.000112417
348	0.000105425
349	9.81073e-05
350	9.22579e-05
351	8.48796e-05
352	0.00013172
353	0.000100648
354	0.000119631
355	0.000122377
356	0.000116168
357	0.000119709
358	9.05178e-05
359	0.000108628
360	7.98733e-05
361	0.000107758
362	7.82193e-05
363	6.82833e-05
364	9.76109e-05
365	6.72695e-05
366	8.00473e-05
367	8.47092e-05
368	8.86529e-05
369	8.40137e-05
370	6.56233e-05
371	5.71053e-05
372	7.63964e-05
373	6.34944e-05
374	5.55683e-05
375	4.94953e-05
376	7.76576e-05
377	6.80976e-05
378	7.72202e-05
379	7.01841e-05
380	5.76237e-05
381	6.13329e-05
382	5.68664e-05
383	4.83663e-05
384	6.21102e-05
385	6.45896e-05
386	6.43022e-05
387	6.92535e-05
388	6.39854e-05
389	5.41498e-05
390	6.20685e-05
391	6.3304e-05
392	5.97833e-05
393	5.63331e-05
394	5.32149e-05
395	5.1397e-05
396	5.03366e-05
397	4.99305e-05
398	3.76541e-05
399	3.025e-05
400	3.86096e-05
401	3.80997e-05
402	3.87401e-05
403	3.58152e-05
404	3.52157e-05
405	2.92853e-05
406	3.48875e-05
407	5.06823e-05
408	5.36437e-05
409	3.73227e-05
410	3.20568e-05
411	3.64629e-05
412	3.42533e-05
413	2.97402e-05
414	3.25308e-05
415	4.87574e-05
416	3.3666e-05
417	3.04607e-05
418	2.68881e-05
419	4.80843e-05
420	2.6181e-05
421	2.75516e-05
422	2.04972e-05
423	4.48883e-05
424	2.25224e-05
425	1.91232e-05
426	4.35803e-05
427	2.02959e-05
428	2.02723e-05
429	1.88266e-05
430	1.97255e-05
431	1.88647e-05
432	4.15682e-05
433	1.91388e-05
434	3.90285e-05
435	2.00686e-05
436	3.9883e-05
437	2.01214e-05
438	3.83683e-05
439	1.97527e-05
440	3.6511e-05
441	3.69662e-05
442	1.94667e-05
443	3.47013e-05
444	3.3282e-05
445	3.39052e-05
446	3.42889e-05
447	3.34013e-05
448	3.24571e-05
449	3.24884e-05
450	3.19811e-05
451	3.17267e-05
452	3.10644e-05
453	3.13341e-05
454	3.028e-05
455	3.04637e-05
456	2.9836e-05
457	1.84088e-05
458	2.76255e-05
459	2.39013e-05
460	2.6082e-05
461	2.82348e-05
462	2.84704e-05
463	2.78146e-05
464	2.80683e-05
465	2.73593e-05
466	2.66732e-05
467	2.57124e-05
468	2.50978e-05
469	2.45476e-05
470	2.35755e-05
471	2.30172e-05
472	2.23367e-05
473	2.19992e-05
474	2.05956e-05
475	2.01628e-05
476	1.99832e-05
477	2.01952e-05
478	1.97785e-05
479	1.96888e-05
480	1.9382e-05
481	1.93132e-05
482	1.86277e-05
483	1.8187e-05
484	1.76235e-05
485	1.58527e-05
486	1.54106e-05
487	1.53892e-05
488	1.57444e-05
489	1.59466e-05
490	1.57725e-05
491	1.5778e-05
492	1.57577e-05
493	1.5703e-05
494	1.54387e-05
495	1.52616e-05
496	1.55681e-05
497	1.53816e-05
498	1.51627e-05
499	1.48081e-05
500	1.49106e-05
501	1.48585e-05
502	1.43893e-05
503	1.43167e-05
504	1.42694e-05
505	1.43468e-05
506	1.37781e-05
507	1.35541e-05
508	1.35777e-05
509	1.3752e-05
510	1.33952e-05
511	1.33334e-05
512	1.33208e-05
513	1.3243e-05
514	1.27708e-05
515	1.25025e-05
516	1.28013e-05
517	1.22122e-05
518	1.23178e-05
519	1.18928e-05
520	1.2084e-05
521	1.18194e-05
522	1.16193e-05
523	1.14652e-05
524	1.14285e-05
525	1.15734e-05
526	1.1107e-05
527	1.12965e-05
528	1.12889e-05
529	1.15239e-05
530	1.11769e-05
531	1.12117e-05
532	1.1229e-05
533	1.1071e-05
534	1.06562e-05
535	1.04034e-05
536	1.06756e-05
537	1.03429e-05
538	1.03533e-05
539	1.0028e-05
540	1.03361e-05
541	1.00137e-05
542	9.91219e-06
543	9.89298e-06
544	1.00903e-05
545	1.01139e-05
546	9.76305e-06
547	9.98877e-06
548	1.01459e-05
549	1.01774e-05
550	9.80919e-06
551	9.90758e-06
552	9.8256e-06
553	9.75374e-06
554	9.30356e-06
555	9.2504e-06
556	9.5546e-06
557	9.32306e-06
558	9.22916e-06
559	9.09309e-06
560	9.33393e-06
561	9.17739e-06
562	8.95366e-06
563	9.00021e-06
564	9.1881e-06
565	9.29478e-06
566	8.8929e-06
567	9.03804e-06
568	9.12539e-06
569	9.23513e-06
570	8.8772e-06
571	8.93879e-06
572	8.92397e-06
573	8.86573e-06
574	8.39819e-06
575	8.38517e-06
576	8.6859e-06
577	8.50601e-06
578	8.44028e-06
579	8.31726e-06
580	8.55456e-06
581	8.40883e-06
582	8.09768e-06
583	8.18177e-06
584	8.32075e-06
585	8.41826e-06
586	8.00584e-06
587	8.12138e-06
588	8.20921e-06
589	8.35137e-06
590	7.94791e-06
591	8.11974e-06
592	8.05445e-06
593	8.0853e-06
594	7.60355e-06
595	7.69285e-06
596	8.00861e-06
597	7.84637e-06
598	7.69252e-06
599	7.59948e-06
600	7.77499e-06
601	7.63623e-06
602	7.29754e-06
603	7.38085e-06
604	7.49894e-06
605	7.59906e-06
606	7.10471e-06
607	7.24565e-06
608	7.26606e-06
609	7.39324e-06
610	7.01394e-06
611	7.11203e-06
612	7.08663e-06
613	7.07229e-06
614	6.6057e-06
615	6.64868e-06
616	6.99478e-06
617	6.8276e-06
618	6.86086e-06
619	6.72038e-06
620	7.07253e-06
621	6.89444e-06
622	6.70202e-06
623	6.74129e-06
624	6.95276e-06
625	6.99703e-06
626	6.6436e-06
627	6.66374e-06
628	6.76807e-06
629	6.85279e-06
630	6.57588e-06
631	6.69246e-06
632	6.74984e-06
633	6.7556e-06
634	6.40847e-06
635	6.46682e-06
636	6.89792e-06
637	6.73197e-06
638	6.80275e-06
639	6.67584e-06
640	7.03113e-06
641	6.81373e-06
642	6.64361e-06
643	6.65482e-06
644	6.88673e-06
645	6.9407e-06
646	6.56998e-06
647	6.69788e-06
648	6.82607e-06
649	6.95914e-06
650	6.68759e-06
651	6.82982e-06
652	6.89046e-06
653	6.90126e-06
654	6.51123e-06
655	6.59823e-06
656	6.95692e-06
657	6.80066e-06
658	6.81017e-06
659	6.67918e-06
660	6.985e-06
661	6.81693e-06
662	6.55104e-06
663	6.63669e-06
664	6.79519e-06
665	6.89897e-06
666	6.48387e-06
667	6.59094e-06
668	6.66611e-06
669	6.80923e-06
670	6.44101e-06
671	6.60586e-06
672	6.58828e-06
673	6.62365e-06
674	6.19044e-06
675	6.2424e-06
676	6.58473e-06
677	6.42897e-06
678	6.37831e-06
679	6.28495e-06
680	6.55299e-06
681	6.39734e-06
682	6.16139e-06
683	6.20872e-06
684	6.38784e-06
685	6.47578e-06
686	6.04483e-06
687	6.15483e-06
688	6.21665e-06
689	6.35049e-06
690	6.01911e-06
691	6.13689e-06
692	6.14259e-06
693	6.15193e-06
694	5.71598e-06
695	5.77041e-06
696	6.15152e-06
697	6.00276e-06
698	6.03715e-06
699	5.93104e-06
700	6.28716e-06
701	6.13677e-06
702	5.93694e-06
703	5.98633e-06
704	6.21098e-06
705	6.25862e-06
706	5.88087e-06
707	5.92389e-06
708	6.02158e-06
709	6.14478e-06
710	5.80763e-06
711	5.94903e-06
712	5.96314e-06
713	5.98352e-06
714	5.6155e-06
715	2.33505e-05
716	5.75914e-06
717	6.32929e-06
718	5.8296e-06
719	6.15776e-06
720	6.2815e-06
721	6.13121e-06
722	6.03879e-06
723	5.969e-06
724	6.33851e-06
725	6.2355e-06
726	6.03318e-06
727	5.97966e-06
728	6.15005e-06
729	6.27888e-06
730	6.00736e-06
731	6.16881e-06
732	6.18049e-06
733	6.24327e-06
734	5.86779e-06
735	5.89451e-06
736	6.36021e-06
737	6.14891e-06
738	6.2777e-06
739	6.05544e-06
740	6.46371e-06
741	6.20544e-06
742	6.08633e-06
743	6.09652e-06
744	6.32532e-06
745	6.43184e-06
746	6.02176e-06
747	6.20003e-06
748	6.26743e-06
749	6.48871e-06
750	6.17431e-06
751	6.33931e-06
752	6.38555e-06
753	6.38632e-06
754	6.03859e-06
755	6.01181e-06
756	6.43441e-06
757	6.19992e-06
758	6.35165e-06
759	6.15818e-06
760	6.55678e-06
761	6.35987e-06
762	6.19218e-06
763	6.22565e-06
764	6.41075e-06
765	6.49428e-06
766	6.11818e-06
767	6.23958e-06
768	6.32967e-06
769	6.50637e-06
770	6.1814e-06
771	6.3279e-06
772	6.32473e-06
773	6.32379e-06
774	5.95924e-06
775	5.93407e-06
776	6.34046e-06
777	6.14394e-06
778	6.25256e-06
779	6.08145e-06
780	6.4705e-06
781	6.27292e-06
782	6.14691e-06
783	6.12853e-06
784	6.35693e-06
785	6.38311e-06
786	6.03274e-06
787	6.12015e-06
788	6.19018e-06
789	6.31768e-06
790	6.04432e-06
791	6.17579e-06
792	6.18632e-06
793	6.20341e-06
794	5.83266e-06
795	5.84716e-06
796	6.2383e-06
797	6.03717e-06
798	6.15574e-06
799	5.94057e-06
800	6.34041e-06
801	6.0962e-06
802	5.95892e-06
803	5.92874e-06
804	6.17069e-06
805	6.19135e-06
806	5.86391e-06
807	5.91144e-06
808	6.03705e-06
809	6.16418e-06
810	5.86246e-06
811	5.99988e-06
812	6.02033e-06
813	6.0432e-06
814	5.68255e-06
815	5.68363e-06
816	6.06996e-06
817	5.88583e-06
818	5.94678e-06
819	5.77944e-06
820	6.14109e-06
821	5.93409e-06
822	5.80656e-06
823	5.799e-06
824	6.04827e-06
825	6.09881e-06
826	5.77555e-06
827	5.83115e-06
828	5.93277e-06
829	6.03495e-06
830	5.76448e-06
831	5.85206e-06
832	5.88311e-06
833	5.87221e-06
834	2.31638e-05
835	2.2124e-05
836	5.63084e-06
837	5.86018e-06
838	6.08236e-06
839	5.85873e-06
840	6.17387e-06
841	5.9659e-06
842	5.87485e-06
843	5.81448e-06
844	6.09137e-06
845	6.12574e-06
846	5.82127e-06
847	5.80393e-06
848	5.99238e-06
849	6.03961e-06
850	5.83842e-06
851	5.92064e-06
852	5.95985e-06
853	5.96028e-06
854	5.60513e-06
855	2.33348e-05
856	5.73401e-06
857	6.2747e-06
858	5.8108e-06
859	6.08267e-06
860	6.20345e-06
861	6.03972e-06
862	5.97219e-06
863	5.87123e-06
864	6.24784e-06
865	6.10389e-06
866	5.98251e-06
867	5.8984e-06
868	6.08791e-06
869	6.21163e-06
870	5.96183e-06
871	6.13025e-06
872	6.14607e-06
873	6.21583e-06
874	5.83717e-06
875	5.8714e-06
876	6.29854e-06
877	6.09942e-06
878	6.28247e-06
879	6.02877e-06
880	6.47719e-06
881	6.21723e-06
882	6.12726e-06
883	6.13493e-06
884	6.3558e-06
885	6.45858e-06
886	6.10255e-06
887	6.21566e-06
888	6.28732e-06
889	6.46382e-06
890	6.15828e-06
891	6.32131e-06
892	6.34626e-06
893	6.33525e-06
894	6.04181e-06
895	5.99049e-06
896	6.42721e-06
897	6.19104e-06
898	6.35376e-06
899	6.15297e-06
900	6.56515e-06
901	6.36822e-06
902	6.25789e-06
903	6.24044e-06
904	6.46166e-06
905	6.52662e-06
906	6.16549e-06
907	6.247e-06
908	6.3416e-06
909	6.46971e-06
910	6.22128e-06
911	6.27994e-06
912	6.34856e-06
913	6.3191e-06
914	5.97697e-06
915	5.95515e-06
916	6.38506e-06
917	6.17341e-06
918	6.3543e-06
919	6.12083e-06
920	6.5613e-06
921	6.31225e-06
922	6.1911e-06
923	6.14607e-06
924	6.36797e-06
925	6.36714e-06
926	6.03754e-06
927	6.1042e-06
928	6.22001e-06
929	6.353e-06
930	6.0887e-06
931	6.21417e-06
932	6.23018e-06
933	6.22585e-06
934	5.89996e-06
935	5.87866e-06
936	6.28053e-06
937	6.08137e-06
938	6.15909e-06
939	5.96569e-06
940	6.32668e-06
941	6.09925e-06
942	5.97337e-06
943	5.93661e-06
944	6.17344e-06
945	6.21119e-06
946	5.8706e-06
947	5.95678e-06
948	6.0677e-06
949	6.19308e-06
950	5.9231e-06
951	6.04178e-06
952	6.06828e-06
953	6.09785e-06
954	5.70599e-06
955	5.7139e-06
956	6.08347e-06
957	5.90008e-06
958	5.98683e-06
959	5.80526e-06
960	6.19917e-06
961	6.00967e-06
962	5.86983e-06
963	5.87856e-06
964	6.11262e-06
965	6.16107e-06
966	5.86578e-06
967	5.876e-06
968	5.98986e-06
969	6.06928e-06
970	5.79429e-06
971	5.8784e-06
972	5.91228e-06
973	5.89788e-06
974	2.31739e-05
975	2.21242e-05
976	5.69508e-06
977	5.91358e-06
978	6.13038e-06
979	5.90631e-06
980	6.23558e-06
981	6.00786e-06
982	5.94875e-06
983	5.85616e-06
984	6.15479e-06
985	6.17967e-06
986	5.87054e-06
987	5.83321e-06
988	6.01168e-06
989	6.03351e-06
990	5.84314e-06
991	5.91172e-06
992	5.95532e-06
993	5.95903e-06
994	5.61989e-06
995	2.33662e-05
996	5.75517e-06
997	6.30141e-06
998	5.84051e-06
999	6.09831e-06
1000	6.2219e-06
1001	6.035e-06
1002	5.97311e-06
1003	5.86238e-06
1004	6.23878e-06
1005	6.10528e-06
1006	5.99776e-06
1007	5.9187e-06
1008	6.12378e-06
1009	6.22755e-06
1010	5.98954e-06
1011	6.14159e-06
1012	6.15503e-06
1013	6.21143e-06
1014	5.8318e-06
1015	5.85325e-06
1016	6.29219e-06
1017	6.07265e-06
1018	6.26892e-06
1019	6.00751e-06
1020	6.45657e-06
1021	6.18411e-06
1022	6.09792e-06
1023	6.0966e-06
1024	6.3276e-06
1025	6.42535e-06
1026	6.06145e-06
1027	6.18462e-06
1028	6.26261e-06
1029	6.45878e-06
1030	6.15017e-06
1031	6.31529e-06
1032	6.34972e-06
1033	6.34783e-06
1034	6.05513e-06
1035	5.99917e-06
1036	6.44386e-06
1037	6.20877e-06
1038	6.38608e-06
1039	6.17727e-06
1040	6.59066e-06
1041	6.38708e-06
1042	6.27503e-06
1043	6.26053e-06
1044	6.48421e-06
1045	6.54384e-06
1046	6.16785e-06
1047	6.26264e-06
1048	6.33758e-06
1049	6.46596e-06
1050	6.20413e-06
1051	6.28635e-06
1052	6.32125e-06
1053	6.31142e-06
1054	5.97163e-06
1055	5.94134e-06
1056	6.36584e-06
1057	6.15568e-06
1058	6.35032e-06
1059	6.14115e-06
1060	6.56537e-06
1061	6.34771e-06
1062	6.21044e-06
1063	6.18318e-06
1064	6.39328e-06
1065	6.41224e-06
1066	6.08486e-06
1067	6.12359e-06
1068	6.23784e-06
1069	6.36245e-06
1070	6.08827e-06
1071	6.21894e-06
1072	6.23756e-06
1073	6.23886e-06
1074	5.91941e-06
1075	5.89935e-06
1076	6.30917e-06
1077	6.10598e-06
1078	6.20593e-06
1079	5.99206e-06
1080	6.3652e-06
1081	6.10678e-06
1082	5.98399e-06
1083	5.93837e-06
1084	6.17531e-06
1085	6.20635e-06
1086	5.89062e-06
1087	5.9654e-06
1088	6.06616e-06
1089	6.17157e-06
1090	5.9379e-06
1091	6.02986e-06
1092	6.08472e-06
1093	6.08367e-06
1094	5.70432e-06
1095	5.73951e-06
1096	6.0896e-06
1097	5.8991e-06
1098	5.98569e-06
1099	5.79637e-06
1100	6.18021e-06
1101	5.99561e-06
1102	5.86881e-06
1103	5.87578e-06
1104	6.12025e-06
1105	6.15208e-06
1106	5.84888e-06
1107	5.87174e-06
1108	5.99486e-06
1109	6.09099e-06
1110	5.8072e-06
1111	5.89093e-06
1112	5.90959e-06
1113	5.89092e-06
1114	2.31787e-05
1115	2.21298e-05
1116	5.70888e-06
1117	5.92881e-06
1118	6.14173e-06
1119	5.92654e-06
1120	6.25638e-06
1121	6.03173e-06
1122	5.96967e-06
1123	5.90054e-06
1124	6.19647e-06
1125	6.23686e-06
1126	5.94082e-06
1127	5.89491e-06
1128	6.06481e-06
1129	6.08392e-06
1130	5.88258e-06
1131	5.94782e-06
1132	5.98789e-06
1133	5.98213e-06
1134	5.64793e-06
1135	2.33753e-05
1136	5.79495e-06
1137	6.33262e-06
1138	5.87487e-06
1139	6.13803e-06
1140	6.25832e-06
1141	6.04113e-06
1142	5.99117e-06
1143	5.85218e-06
1144	6.2389e-06
1145	6.08848e-06
1146	5.98678e-06
1147	5.90313e-06
1148	6.10393e-06
1149	6.19002e-06
1150	5.96649e-06
1151	6.13033e-06
1152	6.13261e-06
1153	6.22366e-06
1154	5.82669e-06
1155	5.88119e-06
1156	6.28555e-06
1157	6.08814e-06
1158	6.24601e-06
1159	5.99415e-06
1160	6.42599e-06
1161	6.18035e-06
1162	6.08242e-06
1163	6.08348e-06
1164	6.32107e-06
1165	6.42287e-06
1166	6.07609e-06
1167	6.19264e-06
1168	6.28308e-06
1169	6.46712e-06
1170	6.16901e-06
1171	6.30451e-06
1172	6.36949e-06
1173	6.34187e-06
1174	6.04792e-06
1175	5.97914e-06
1176	6.43767e-06
1177	6.20393e-06
1178	6.37758e-06
1179	6.19058e-06
1180	6.60874e-06
1181	6.41373e-06
1182	6.30709e-06
1183	6.31064e-06
1184	6.53389e-06
1185	6.59749e-06
1186	6.22521e-06
1187	6.30244e-06
1188	6.3729e-06
1189	6.50516e-06
1190	6.23041e-06
1191	6.31002e-06
1192	6.34756e-06
1193	6.32746e-06
1194	6.00427e-06
1195	5.98302e-06
1196	6.42099e-06
1197	6.20672e-06
1198	6.39248e-06
1199	6.16127e-06
1200	6.58946e-06
1201	6.33507e-06
1202	6.21521e-06
1203	6.17484e-06
1204	6.40251e-06
1205	6.41306e-06
1206	6.09227e-06
1207	6.11715e-06
1208	6.22508e-06
1209	6.32744e-06
1210	6.06549e-06
1211	6.18078e-06
1212	6.22379e-06
1213	6.21947e-06
1214	5.8794e-06
1215	5.86283e-06
1216	6.2683e-06
1217	6.05757e-06
1218	6.15559e-06
1219	5.96185e-06
1220	6.33679e-06
1221	6.09967e-06
1222	5.97429e-06
1223	5.93894e-06
1224	6.18476e-06
1225	6.22065e-06
1226	5.87618e-06
1227	5.95929e-06
1228	6.05824e-06
1229	6.18625e-06
1230	5.92087e-06
1231	6.02352e-06
1232	6.06593e-06
1233	6.06977e-06
1234	5.69271e-06
1235	5.71305e-06
1236	6.07632e-06
1237	5.8949e-06
1238	5.9706e-06
1239	5.79687e-06
1240	6.16714e-06
1241	5.99403e-06
1242	5.86549e-06
1243	5.88357e-06
1244	6.1258e-06
1245	6.1643e-06
1246	5.87701e-06
1247	5.89777e-06
1248	6.00063e-06
1249	6.09154e-06
1250	5.82075e-06
1251	5.9233e-06
1252	5.91666e-06
1253	5.90101e-06
1254	5.60151e-06
1255	2.32955e-05
1256	5.75819e-06
1257	6.29752e-06
1258	5.85966e-06
1259	6.14005e-06
1260	6.27257e-06
1261	6.08047e-06
1262	6.03159e-06
1263	5.91372e-06
1264	6.30548e-06
1265	6.1638e-06
1266	6.03704e-06
1267	5.93055e-06
1268	6.10666e-06
1269	6.15883e-06
1270	5.93741e-06
1271	6.05203e-06
1272	6.06733e-06
1273	6.12248e-06
1274	5.74275e-06
1275	5.75326e-06
1276	6.2082e-06
1277	5.98414e-06
1278	6.19892e-06
1279	5.93343e-06
1280	6.40212e-06
1281	6.10205e-06
1282	6.02921e-06
1283	6.01086e-06
1284	6.25381e-06
1285	6.33376e-06
1286	5.97924e-06
1287	6.08588e-06
1288	6.18804e-06
1289	6.36733e-06
1290	6.09076e-06
1291	6.23562e-06
1292	6.30302e-06
1293	6.2887e-06
1294	6.00462e-06
1295	5.94171e-06
1296	6.39975e-06
1297	6.15599e-06
1298	6.33158e-06
1299	6.12961e-06
1300	6.53103e-06
1301	6.31299e-06
1302	6.19986e-06
1303	6.18868e-06
1304	6.41265e-06
1305	6.48197e-06
1306	6.11282e-06
1307	6.22708e-06
1308	6.29831e-06
1309	6.45841e-06
1310	6.17583e-06
1311	6.28742e-06
1312	6.30827e-06
1313	6.30166e-06
1314	5.94921e-06
1315	5.92539e-06
1316	6.34194e-06
1317	6.13575e-06
1318	6.31495e-06
1319	6.09344e-06
1320	6.51528e-06
1321	6.29645e-06
1322	6.15627e-06
1323	6.13403e-06
1324	6.34635e-06
1325	6.37334e-06
1326	6.04116e-06
1327	6.08137e-06
1328	6.18108e-06
1329	6.30574e-06
1330	6.02062e-06
1331	6.14771e-06
1332	6.16927e-06
1333	6.17713e-06
1334	5.83503e-06
1335	5.81526e-06
1336	6.22159e-06
1337	6.0144e-06
1338	6.1357e-06
1339	5.93252e-06
1340	6.32823e-06
1341	6.08804e-06
1342	5.97945e-06
1343	5.92633e-06
1344	6.17915e-06
1345	6.21079e-06
1346	5.88388e-06
1347	5.94996e-06
1348	6.05024e-06
1349	6.16647e-06
1350	5.91764e-06
1351	6.00669e-06
1352	6.04865e-06
1353	6.05348e-06
1354	5.67829e-06
1355	5.69714e-06
1356	6.06492e-06
1357	5.86423e-06
1358	5.96348e-06
1359	5.76535e-06
1360	6.15463e-06
1361	5.9626e-06
1362	5.83941e-06
1363	5.83687e-06
1364	6.08723e-06
1365	6.11967e-06
1366	5.81876e-06
1367	5.83786e-06
1368	5.95915e-06
1369	6.05935e-06
1370	5.78373e-06
1371	5.88612e-06
1372	5.90655e-06
1373	5.9039e-06
1374	5.58897e-06
1375	2.32926e-05
1376	5.73823e-06
1377	6.28128e-06
1378	5.84401e-06
1379	6.1295e-06
1380	6.2613e-06
1381	6.06714e-06
1382	6.0128e-06
1383	5.88927e-06
1384	6.29071e-06
1385	6.14911e-06
1386	6.01973e-06
1387	5.91453e-06
1388	6.0898e-06
1389	6.15172e-06
1390	5.91727e-06
1391	6.04096e-06
1392	6.03984e-06
1393	6.09908e-06
1394	5.73724e-06
1395	5.75314e-06
1396	6.17157e-06
1397	5.96905e-06
1398	6.16663e-06
1399	5.90307e-06
1400	6.34687e-06
1401	6.07727e-06
1402	5.99108e-06
1403	5.96814e-06
1404	6.20298e-06
1405	6.28157e-06
1406	5.94404e-06
1407	6.05426e-06
1408	6.18066e-06
1409	6.36189e-06
1410	6.07602e-06
1411	6.23039e-06
1412	6.27959e-06
1413	6.28553e-06
1414	5.99128e-06
1415	5.92564e-06
1416	6.38342e-06
1417	6.14191e-06
1418	6.31707e-06
1419	6.11354e-06
1420	6.52749e-06
1421	6.32226e-06
1422	6.20307e-06
1423	6.1952e-06
1424	6.40865e-06
1425	6.48447e-06
1426	6.10814e-06
1427	6.21629e-06
1428	6.29271e-06
1429	6.43928e-06
1430	6.16799e-06
1431	6.25611e-06
1432	6.2982e-06
1433	6.27593e-06
1434	5.91805e-06
1435	5.8896e-06
1436	6.31683e-06
1437	6.09993e-06
1438	6.2714e-06
1439	6.05425e-06
1440	6.47663e-06
1441	6.25976e-06
1442	6.12636e-06
1443	6.11161e-06
1444	6.32618e-06
1445	6.34869e-06
1446	6.01013e-06
1447	6.06073e-06
1448	6.17549e-06
1449	6.29714e-06
1450	6.02138e-06
1451	6.13561e-06
1452	6.16832e-06
1453	6.15427e-06
1454	5.83433e-06
1455	5.80672e-06
1456	6.22951e-06
1457	6.01631e-06
1458	6.12614e-06
1459	5.92559e-06
1460	6.30954e-06
1461	6.06509e-06
1462	5.95855e-06
1463	5.92299e-06
1464	6.17929e-06
1465	6.22094e-06
1466	5.89265e-06
1467	5.96398e-06
1468	6.05823e-06
1469	6.18961e-06
1470	5.93084e-06
1471	6.03022e-06
1472	6.07073e-06
1473	6.06904e-06
1474	5.70886e-06
1475	5.71278e-06
1476	6.0903e-06
1477	5.89185e-06
1478	6.00185e-06
1479	5.80008e-06
1480	6.20007e-06
1481	5.99035e-06
1482	5.87499e-06
1483	5.87099e-06
1484	6.11458e-06
1485	6.14343e-06
1486	5.84401e-06
1487	5.87166e-06
1488	5.97187e-06
1489	6.07212e-06
1490	5.7965e-06
1491	5.89773e-06
1492	5.89766e-06
1493	5.88922e-06
1494	2.31503e-05
1495	2.21129e-05
1496	5.67874e-06
1497	5.89677e-06
1498	6.10436e-06
1499	5.89076e-06
1500	6.21147e-06
1501	5.98996e-06
1502	5.93099e-06
1503	5.84976e-06
1504	6.14174e-06
1505	6.17692e-06
1506	5.88083e-06
1507	5.85135e-06
1508	6.03166e-06
1509	6.06533e-06
1510	5.86584e-06
1511	5.93878e-06
1512	5.98317e-06
1513	5.98597e-06
1514	5.64206e-06
1515	5.67589e-06
1516	6.0583e-06
1517	5.88118e-06
1518	5.99816e-06
1519	5.80213e-06
1520	6.2136e-06
1521	5.9772e-06
1522	5.86353e-06
1523	5.82133e-06
1524	6.08193e-06
1525	6.10601e-06
1526	5.81415e-06
1527	5.85326e-06
1528	6.00028e-06
1529	6.11633e-06
1530	5.86043e-06
1531	5.97211e-06
1532	6.01803e-06
1533	6.01049e-06
1534	5.69446e-06
1535	5.68563e-06
1536	6.1058e-06
1537	5.91727e-06
1538	6.01858e-06
1539	5.84515e-06
1540	6.20936e-06
1541	5.99609e-06
1542	5.86971e-06
1543	5.84434e-06
1544	6.09275e-06
1545	6.14609e-06
1546	5.82292e-06
1547	5.88019e-06
1548	5.98266e-06
1549	6.0918e-06
1550	5.84436e-06
1551	5.93794e-06
1552	5.96173e-06
1553	5.95351e-06
1554	5.61951e-06
1555	2.33295e-05
1556	5.71021e-06
1557	6.27931e-06
1558	5.82526e-06
1559	6.12464e-06
1560	6.2329e-06
1561	6.08307e-06
1562	5.99864e-06
1563	5.91277e-06
1564	6.2777e-06
1565	6.1774e-06
1566	6.02932e-06
1567	5.94997e-06
1568	6.14487e-06
1569	6.22892e-06
1570	5.97831e-06
1571	6.09599e-06
1572	6.10592e-06
1573	6.15311e-06
1574	5.77596e-06
1575	5.77865e-06
1576	6.25042e-06
1577	6.0359e-06
1578	6.26079e-06
1579	5.98948e-06
1580	6.46046e-06
1581	6.16709e-06
1582	6.09737e-06
1583	6.06487e-06
1584	6.30362e-06
1585	6.3685e-06
1586	6.012e-06
1587	6.12357e-06
1588	6.23164e-06
1589	6.39649e-06
1590	6.12683e-06
1591	6.27535e-06
1592	6.33684e-06
1593	6.3332e-06
1594	6.05261e-06
1595	5.99389e-06
1596	6.45675e-06
1597	6.21858e-06
1598	6.38898e-06
1599	6.17992e-06
1600	6.57761e-06
1601	6.35814e-06
1602	6.22248e-06
1603	6.21169e-06
1604	6.428e-06
1605	6.50699e-06
1606	6.14038e-06
1607	6.25382e-06
1608	6.31952e-06
1609	6.47306e-06
1610	6.19938e-06
1611	6.30351e-06
1612	6.31011e-06
1613	6.29196e-06
1614	5.95572e-06
1615	5.9288e-06
1616	6.31744e-06
1617	6.11523e-06
1618	6.27851e-06
1619	6.06705e-06
1620	6.47813e-06
1621	6.26459e-06
1622	6.13253e-06
1623	6.10821e-06
1624	6.32653e-06
1625	6.35145e-06
1626	6.02865e-06
1627	6.06345e-06
1628	6.17918e-06
1629	6.29071e-06
1630	6.01922e-06
1631	6.13539e-06
1632	6.17267e-06
1633	6.16786e-06
1634	5.83581e-06
1635	5.80732e-06
1636	6.23452e-06
1637	6.02346e-06
1638	6.14545e-06
1639	5.94563e-06
1640	6.34345e-06
1641	6.09346e-06
1642	5.98846e-06
1643	5.93422e-06
1644	6.19005e-06
1645	6.21518e-06
1646	5.88011e-06
1647	5.94568e-06
1648	6.04638e-06
1649	6.16864e-06
1650	5.91826e-06
1651	6.01044e-06
1652	6.06248e-06
1653	6.05445e-06
1654	5.70263e-06
1655	5.70836e-06
1656	6.08344e-06
1657	5.89025e-06
1658	6.00033e-06
1659	5.80009e-06
1660	6.19767e-06
1661	5.98721e-06
1662	5.86312e-06
1663	5.87003e-06
1664	6.10751e-06
1665	6.15194e-06
1666	5.85274e-06
1667	5.87609e-06
1668	5.98164e-06
1669	6.07158e-06
1670	5.791e-06
1671	5.90088e-06
1672	5.89704e-06
1673	5.89429e-06
1674	2.31744e-05
1675	2.2149e-05
1676	5.67972e-06
1677	5.89598e-06
1678	6.10368e-06
1679	5.88464e-06
1680	6.19751e-06
1681	5.98002e-06
1682	5.92319e-06
1683	5.81969e-06
1684	6.11594e-06
1685	6.13362e-06
1686	5.83682e-06
1687	5.80192e-06
1688	6.00216e-06
1689	6.02348e-06
1690	5.83829e-06
1691	5.90683e-06
1692	5.95813e-06
1693	5.96402e-06
1694	5.61536e-06
1695	2.33417e-05
1696	5.75433e-06
1697	6.28964e-06
1698	5.82542e-06
1699	6.08674e-06
1700	6.21668e-06
1701	6.03533e-06
1702	5.96787e-06
1703	5.86234e-06
1704	6.23574e-06
1705	6.0917e-06
1706	5.9774e-06
1707	5.89912e-06
1708	6.09704e-06
1709	6.21909e-06
1710	5.97346e-06
1711	6.13817e-06
1712	6.14998e-06
1713	6.22769e-06
1714	5.8469e-06
1715	5.87738e-06
1716	6.30485e-06
1717	6.10211e-06
1718	6.29959e-06
1719	6.04039e-06
1720	6.4897e-06
1721	6.22406e-06
1722	6.14145e-06
1723	6.13867e-06
1724	6.37436e-06
1725	6.47619e-06
1726	6.11292e-06
1727	6.22325e-06
1728	6.29691e-06
1729	6.4842e-06
1730	6.17138e-06
1731	6.33001e-06
1732	6.35208e-06
1733	6.35288e-06
1734	6.05224e-06
1735	5.9927e-06
1736	6.4352e-06
1737	6.20011e-06
1738	6.35578e-06
1739	6.17315e-06
1740	6.57341e-06
1741	6.37303e-06
1742	6.26025e-06
1743	6.24687e-06
1744	6.4699e-06
1745	6.52105e-06
1746	6.17103e-06
1747	6.25459e-06
1748	6.33961e-06
1749	6.45582e-06
1750	6.21695e-06
1751	6.28112e-06
1752	6.34123e-06
1753	6.31258e-06
1754	5.98512e-06
1755	5.95523e-06
1756	6.38288e-06
1757	6.16985e-06
1758	6.35349e-06
1759	6.12777e-06
1760	6.56087e-06
1761	6.31613e-06
1762	6.188e-06
1763	6.1604e-06
1764	6.37533e-06
1765	6.39708e-06
1766	6.0666e-06
1767	6.10669e-06
1768	6.22206e-06
1769	6.33819e-06
1770	6.07719e-06
1771	6.19138e-06
1772	6.24246e-06
1773	6.22781e-06
1774	5.90887e-06
1775	5.89787e-06
1776	6.3048e-06
1777	6.10345e-06
1778	6.19972e-06
1779	5.99956e-06
1780	6.37045e-06
1781	6.12837e-06
1782	6.01113e-06
1783	5.979e-06
1784	6.22333e-06
1785	6.26617e-06
1786	5.93902e-06
1787	6.00776e-06
1788	6.09689e-06
1789	6.21867e-06
1790	5.95407e-06
1791	6.07179e-06
1792	6.08195e-06
1793	6.09645e-06
1794	5.71421e-06
1795	5.74118e-06
1796	6.08019e-06
1797	5.90656e-06
1798	5.99365e-06
1799	5.80473e-06
1800	6.18802e-06
1801	5.99121e-06
1802	5.86139e-06
1803	5.84688e-06
1804	6.08927e-06
1805	6.11963e-06
1806	5.82278e-06
1807	5.83253e-06
1808	5.9598e-06
1809	6.05179e-06
1810	5.78117e-06
1811	5.87057e-06
1812	5.89938e-06
1813	5.90019e-06
1814	5.57131e-06
1815	2.3278e-05
1816	5.71429e-06
1817	6.27073e-06
1818	5.83397e-06
1819	6.12283e-06
1820	6.26285e-06
1821	6.08848e-06
1822	6.03271e-06
1823	5.92538e-06
1824	6.30019e-06
1825	6.16834e-06
1826	6.01991e-06
1827	5.92849e-06
1828	6.10242e-06
1829	6.1669e-06
1830	5.95214e-06
1831	6.07667e-06
1832	6.09592e-06
1833	6.13639e-06
1834	5.7708e-06
1835	5.79161e-06
1836	6.23241e-06
1837	6.01329e-06
1838	6.20399e-06
1839	5.9334e-06
1840	6.38172e-06
1841	6.08596e-06
1842	6.02257e-06
1843	5.99508e-06
1844	6.24942e-06
1845	6.3223e-06
1846	5.97252e-06
1847	6.0694e-06
1848	6.18008e-06
1849	6.36318e-06
1850	6.07149e-06
1851	6.22454e-06
1852	6.28003e-06
1853	6.27819e-06
1854	5.9929e-06
1855	5.92419e-06
1856	6.39435e-06
1857	6.14912e-06
1858	6.32631e-06
1859	6.12611e-06
1860	6.53364e-06
1861	6.31794e-06
1862	6.19344e-06
1863	6.18908e-06
1864	6.40399e-06
1865	6.47868e-06
1866	6.11115e-06
1867	6.21345e-06
1868	6.28799e-06
1869	6.43711e-06
1870	6.16748e-06
1871	6.25474e-06
1872	6.29861e-06
1873	6.28306e-06
1874	5.92391e-06
1875	5.90692e-06
1876	6.31772e-06
1877	6.09967e-06
1878	6.27312e-06
1879	6.04408e-06
1880	6.46971e-06
1881	6.25188e-06
1882	6.12847e-06
1883	6.09076e-06
1884	6.30862e-06
1885	6.3108e-06
1886	5.96604e-06
1887	6.02876e-06
1888	6.13852e-06
1889	6.28527e-06
1890	6.00476e-06
1891	6.14128e-06
1892	6.16075e-06
1893	6.1736e-06
1894	5.83163e-06
1895	5.81457e-06
1896	6.21994e-06
1897	6.01394e-06
1898	6.09594e-06
1899	5.90157e-06
1900	6.26468e-06
1901	6.0392e-06
1902	5.92852e-06
1903	5.88719e-06
1904	6.14138e-06
1905	6.15927e-06
1906	5.83426e-06
1907	5.90784e-06
1908	6.02248e-06
1909	6.13223e-06
1910	5.87545e-06
1911	5.97411e-06
1912	6.01872e-06
1913	6.02439e-06
1914	5.66578e-06
1915	5.66201e-06
1916	6.03833e-06
1917	5.84344e-06
1918	5.95848e-06
1919	5.75801e-06
1920	6.16496e-06
1921	5.9683e-06
1922	5.83857e-06
1923	5.8434e-06
1924	6.08648e-06
1925	6.13232e-06
1926	5.83109e-06
1927	5.83828e-06
1928	5.95626e-06
1929	6.04116e-06
1930	5.77087e-06
1931	5.8575e-06
1932	5.89182e-06
1933	5.8829e-06
1934	2.31381e-05
1935	2.21078e-05
1936	5.67107e-06
1937	5.88513e-06
1938	6.09796e-06
1939	5.87865e-06
1940	6.20343e-06
1941	5.98592e-06
1942	5.92322e-06
1943	5.83525e-06
1944	6.12748e-06
1945	6.16005e-06
1946	5.85598e-06
1947	5.83243e-06
1948	6.00733e-06
1949	6.03965e-06
1950	5.84064e-06
1951	5.91336e-06
1952	5.94201e-06
1953	5.95163e-06
1954	5.61446e-06
1955	2.33047e-05
1956	5.7373e-06
1957	6.28384e-06
1958	5.83445e-06
1959	6.10562e-06
1960	6.23325e-06
1961	6.0386e-06
1962	5.97505e-06
1963	5.85923e-06
1964	6.23648e-06
1965	6.10031e-06
1966	5.98197e-06
1967	5.90423e-06
1968	6.0941e-06
1969	6.217e-06
1970	5.9709e-06
1971	6.13689e-06
1972	6.14164e-06
1973	6.21584e-06
1974	5.83051e-06
1975	5.86445e-06
1976	6.29252e-06
1977	6.08446e-06
1978	6.27724e-06
1979	6.00893e-06
1980	6.45561e-06
1981	6.17907e-06
1982	6.09341e-06
1983	6.08952e-06
1984	6.31931e-06
1985	6.41269e-06
1986	6.06812e-06
1987	6.17347e-06
1988	6.27044e-06
1989	6.44628e-06
1990	6.15816e-06
1991	6.29507e-06
1992	6.34961e-06
1993	6.32276e-06
1994	6.04423e-06
1995	5.9713e-06
1996	6.43294e-06
1997	6.20078e-06
1998	6.37469e-06
1999	6.18969e-06
2000	6.60953e-06
