1	1
2	0.81235
3	0.56431
4	0.383711
5	0.237125
6	0.173592
7	0.152688
8	0.135991
9	0.11463
10	0.102145
11	0.0949527
12	0.087746
13	0.0812477
14	0.0756758
15	0.0700966
16	0.0641212
17	0.0593451
18	0.0554724
19	0.0518259
20	0.0481824
21	0.0448852
22	0.0418527
23	0.0390552
24	0.0364585
25	0.0338428
26	0.0314392
27	0.0288959
28	0.0267909
29	0.0245695
30	0.0226747
31	0.020933
32	0.0194229
33	0.0181445
34	0.0170127
35	0.0160571
36	0.0154085
37	0.0148852
38	0.0143992
39	0.0139743
40	0.0137172
41	0.0135958
42	0.0135207
43	0.0134977
44	0.0137159
45	0.0137534
46	0.0138779
47	0.0141252
48	0.0142757
49	0.0146035
50	0.0149117
51	0.0154156
52	0.0158382
53	0.0164559
54	0.0169608
55	0.0173445
56	0.0183593
57	0.0184969
58	0.0194038
59	0.0194793
60	0.020487
61	0.0206728
62	0.0212146
63	0.0214017
64	0.0219401
65	0.0224556
66	0.0230011
67	0.023502
68	0.0238615
69	0.0240829
70	0.0242292
71	0.0242881
72	0.0242016
73	0.0245237
74	0.0238071
75	0.0237571
76	0.0230404
77	0.0228172
78	0.0221143
79	0.0219753
80	0.0211101
81	0.0209588
82	0.0203213
83	0.0201779
84	0.0196943
85	0.0193358
86	0.0189183
87	0.0185461
88	0.018426
89	0.0179786
90	0.0177146
91	0.0173156
92	0.0170219
93	0.0169686
94	0.0166815
95	0.0164834
96	0.0164332
97	0.0161597
98	0.0158851
99	0.0153381
100	0.0147274
101	0.0141616
102	0.0136836
103	0.0133462
104	0.0126934
105	0.0121753
106	0.0120354
107	0.0114211
108	0.0107984
109	0.0104938
110	0.0101266
111	0.00991938
112	0.0096879
113	0.00953836
114	0.00946976
115	0.00955072
116	0.00945061
117	0.00952994
118	0.00953874
119	0.00953078
120	0.00948766
121	0.00945985
122	0.0094297
123	0.00928902
124	0.00920977
125	0.00911679
126	0.00901107
127	0.00888614
128	0.00889743
129	0.00873985
130	0.00866698
131	0.00871289
132	0.00858742
133	0.00846971
134	0.00843918
135	0.00833183
136	0.0083296
137	0.00825053
138	0.00825808
139	0.00825646
140	0.00825813
141	0.00828133
142	0.00831946
143	0.00834227
144	0.00843079
145	0.00844462
146	0.00851695
147	0.00849796
148	0.00852699
149	0.00847613
150	0.00842835
151	0.00833667
152	0.00828836
153	0.00816222
154	0.00806962
155	0.00804616
156	0.00791351
157	0.00780742
158	0.00769781
159	0.00766288
160	0.00756562
161	0.00751228
162	0.00746308
163	0.00753223
164	0.00742693
165	0.00737557
166	0.00731837
167	0.00722507
168	0.00710051
169	0.00694789
170	0.00676072
171	0.00657367
172	0.00633866
173	0.00610052
174	0.00581257
175	0.00551883
176	0.00523312
177	0.00496573
178	0.00471476
179	0.00449319
180	0.00429203
181	0.004109
182	0.00400756
183	0.00384145
184	0.00370221
185	0.00357408
186	0.00346658
187	0.00336407
188	0.00326369
189	0.00317431
190	0.00309707
191	0.00302798
192	0.00296354
193	0.00290323
194	0.00285406
195	0.00280241
196	0.00275817
197	0.00271873
198	0.00268113
199	0.0026474
200	0.00261575
201	0.00258813
202	0.00256206
203	0.00253913
204	0.00251645
205	0.00249723
206	0.00247914
207	0.00246516
208	0.0024521
209	0.00244221
210	0.00243287
211	0.002425
212	0.00241806
213	0.0024136
214	0.00240988
215	0.00240985
216	0.00241047
217	0.00241388
218	0.00241788
219	0.0024248
220	0.00243212
221	0.00244279
222	0.00245315
223	0.00246515
224	0.00247693
225	0.00249086
226	0.00250326
227	0.00251695
228	0.00252872
229	0.00254087
230	0.00254992
231	0.0025588
232	0.00257432
233	0.0025707
234	0.00256711
235	0.00256452
236	0.00256016
237	0.00256087
238	0.00254659
239	0.00253086
240	0.00251501
241	0.00250253
242	0.00247062
243	0.00243024
244	0.00239827
245	0.00237285
246	0.00232094
247	0.00226833
248	0.0022092
249	0.00214506
250	0.00207467
251	0.00200221
252	0.00192493
253	0.0018511
254	0.00176533
255	0.00168847
256	0.00161218
257	0.00155251
258	0.00149659
259	0.00145299
260	0.00140871
261	0.00137131
262	0.0013362
263	0.00130404
264	0.0012889
265	0.00124647
266	0.00123277
267	0.00120185
268	0.00117049
269	0.00114028
270	0.00111154
271	0.00107796
272	0.00104845
273	0.00101915
274	0.000986954
275	0.000957009
276	0.000927404
277	0.000898785
278	0.000870289
279	0.000846233
280	0.000819972
281	0.000797368
282	0.000774998
283	0.000755509
284	0.000736336
285	0.000720035
286	0.000702754
287	0.000690104
288	0.000674387
289	0.000662949
290	0.000650377
291	0.000640402
292	0.000629105
293	0.000620948
294	0.000609593
295	0.000600222
296	0.000589654
297	0.000581818
298	0.000571316
299	0.000561524
300	0.000549587
301	0.000538542
302	0.000531659
303	0.000517881
304	0.0005022
305	0.000487437
306	0.000466396
307	0.00045502
308	0.000436924
309	0.000420653
310	0.000404096
311	0.000388647
312	0.000371764
313	0.000357427
314	0.000342629
315	0.000329739
316	0.000317282
317	0.000307252
318	0.000297331
319	0.00028938
320	0.000280613
321	0.00027693
322	0.000272223
323	0.000268042
324	0.000263962
325	0.000261454
326	0.000257273
327	0.000254184
328	0.000253077
329	0.00024907
330	0.000242981
331	0.000236314
332	0.000232182
333	0.000226015
334	0.00021851
335	0.000211986
336	0.000204863
337	0.00019892
338	0.000190979
339	0.000185285
340	0.000177724
341	0.00017259
342	0.000165578
343	0.000160838
344	0.000154859
345	0.00015069
346	0.000145315
347	0.000141866
348	0.000136771
349	0.000133901
350	0.000129942
351	0.000127745
352	0.000124187
353	0.000122182
354	0.000119654
355	0.000117372
356	0.000115035
357	0.000113072
358	0.000109531
359	0.000107276
360	0.000103914
361	0.000101502
362	9.72702e-05
363	9.54055e-05
364	9.12682e-05
365	8.88389e-05
366	8.47951e-05
367	8.2108e-05
368	7.81185e-05
369	7.56541e-05
370	7.17375e-05
371	7.01135e-05
372	6.66818e-05
373	6.4862e-05
374	6.23166e-05
375	6.07345e-05
376	5.82342e-05
377	5.71998e-05
378	5.56602e-05
379	5.51709e-05
380	5.33376e-05
381	5.35431e-05
382	5.20673e-05
383	5.22296e-05
384	5.11468e-05
385	5.16484e-05
386	5.0302e-05
387	5.07175e-05
388	4.89952e-05
389	4.94567e-05
390	4.7887e-05
391	4.78383e-05
392	4.6249e-05
393	4.59051e-05
394	4.4043e-05
395	4.36722e-05
396	4.17975e-05
397	4.14736e-05
398	3.9655e-05
399	3.95343e-05
400	3.77901e-05
401	3.75647e-05
402	3.56781e-05
403	3.54945e-05
404	3.38232e-05
405	3.36555e-05
406	3.20938e-05
407	3.2173e-05
408	3.06633e-05
409	3.06024e-05
410	2.95198e-05
411	2.95577e-05
412	2.81563e-05
413	2.83682e-05
414	2.70265e-05
415	2.72808e-05
416	2.59524e-05
417	2.64121e-05
418	2.48617e-05
419	2.51702e-05
420	2.35567e-05
421	2.36136e-05
422	2.19573e-05
423	2.25303e-05
424	2.10252e-05
425	2.11884e-05
426	1.97927e-05
427	1.97221e-05
428	1.84836e-05
429	1.86205e-05
430	1.74225e-05
431	1.75821e-05
432	1.64882e-05
433	1.68002e-05
434	1.56964e-05
435	1.59588e-05
436	1.5102e-05
437	1.55195e-05
438	1.46433e-05
439	1.5111e-05
440	1.43635e-05
441	1.49242e-05
442	1.41107e-05
443	1.47943e-05
444	1.3944e-05
445	1.47786e-05
446	1.38793e-05
447	1.46004e-05
448	1.37283e-05
449	1.445e-05
450	1.35588e-05
451	1.42435e-05
452	1.33753e-05
453	1.39879e-05
454	1.29314e-05
455	1.35186e-05
456	1.26121e-05
457	1.31951e-05
458	1.23695e-05
459	1.27723e-05
460	1.18785e-05
461	1.24248e-05
462	1.14185e-05
463	1.20561e-05
464	1.11627e-05
465	1.17624e-05
466	1.08357e-05
467	1.1475e-05
468	1.05461e-05
469	1.11852e-05
470	1.02854e-05
471	1.09562e-05
472	1.01011e-05
473	1.07364e-05
474	9.72762e-06
475	1.03906e-05
476	9.54998e-06
477	1.02031e-05
478	9.30984e-06
479	9.98506e-06
480	9.13343e-06
481	9.74713e-06
482	8.7767e-06
483	9.4493e-06
484	8.64795e-06
485	9.23874e-06
486	8.36127e-06
487	9.02767e-06
488	8.1256e-06
489	8.78469e-06
490	7.89319e-06
491	8.5774e-06
492	7.74654e-06
493	8.38527e-06
494	7.39805e-06
495	8.05647e-06
496	7.2614e-06
497	7.95852e-06
498	7.11757e-06
499	7.84409e-06
500	7.05648e-06
501	7.73843e-06
502	6.86371e-06
503	7.6105e-06
504	6.86428e-06
505	7.59838e-06
506	6.79095e-06
507	7.50987e-06
508	6.71937e-06
509	7.46804e-06
510	6.6771e-06
511	7.41591e-06
512	6.68186e-06
513	7.39413e-06
514	6.48412e-06
515	7.20038e-06
516	6.47325e-06
517	7.23221e-06
518	6.47948e-06
519	7.18698e-06
520	6.47737e-06
521	7.16993e-06
522	6.32876e-06
523	7.04182e-06
524	6.32057e-06
525	7.08676e-06
526	6.26104e-06
527	6.99374e-06
528	6.17989e-06
529	6.94521e-06
530	6.1425e-06
531	6.8873e-06
532	6.13525e-06
533	6.86526e-06
534	5.93995e-06
535	6.66421e-06
536	5.93343e-06
537	6.71587e-06
538	5.92803e-06
539	6.68827e-06
540	5.95611e-06
541	6.70542e-06
542	5.84958e-06
543	6.62001e-06
544	5.8977e-06
545	6.67576e-06
546	5.87125e-06
547	6.61972e-06
548	5.84137e-06
549	6.61778e-06
550	5.81596e-06
551	6.60099e-06
552	5.85605e-06
553	6.58284e-06
554	5.67794e-06
555	6.43812e-06
556	5.71826e-06
557	6.49866e-06
558	5.71924e-06
559	6.49789e-06
560	5.76074e-06
561	6.4901e-06
562	5.63687e-06
563	6.41793e-06
564	5.6905e-06
565	6.44406e-06
566	5.65062e-06
567	6.40402e-06
568	5.61546e-06
569	6.37751e-06
570	5.59085e-06
571	6.36463e-06
572	5.63041e-06
573	6.36926e-06
574	5.46659e-06
575	6.21123e-06
576	5.50412e-06
577	6.29946e-06
578	5.51828e-06
579	6.28701e-06
580	5.56477e-06
581	6.32154e-06
582	5.4757e-06
583	6.23703e-06
584	5.52405e-06
585	6.29136e-06
586	5.50116e-06
587	6.24394e-06
588	5.46728e-06
589	6.24003e-06
590	5.4553e-06
591	6.21231e-06
592	5.48477e-06
593	6.22434e-06
594	5.32665e-06
595	6.07074e-06
596	5.36561e-06
597	6.15176e-06
598	5.37266e-06
599	6.13139e-06
600	5.40584e-06
601	6.15486e-06
602	5.31364e-06
603	6.0795e-06
604	5.36742e-06
605	6.12438e-06
606	5.332e-06
607	6.06649e-06
608	5.29601e-06
609	6.06483e-06
610	5.27962e-06
611	6.03775e-06
612	5.31302e-06
613	6.05336e-06
614	5.15674e-06
615	5.89937e-06
616	5.19957e-06
617	5.99038e-06
618	5.20623e-06
619	5.9711e-06
620	5.25046e-06
621	6.00435e-06
622	5.16324e-06
623	5.92343e-06
624	5.21493e-06
625	5.98069e-06
626	5.18985e-06
627	5.93518e-06
628	5.1601e-06
629	5.93699e-06
630	5.15131e-06
631	5.91196e-06
632	5.19117e-06
633	5.94032e-06
634	5.04522e-06
635	5.7955e-06
636	5.08625e-06
637	5.87395e-06
638	5.10476e-06
639	5.89811e-06
640	5.16993e-06
641	5.90809e-06
642	5.0759e-06
643	5.87002e-06
644	5.15361e-06
645	5.90985e-06
646	5.13236e-06
647	5.90457e-06
648	5.12599e-06
649	5.89255e-06
650	5.1251e-06
651	5.92552e-06
652	5.18406e-06
653	5.91556e-06
654	5.02036e-06
655	5.79859e-06
656	5.09122e-06
657	5.87704e-06
658	5.11003e-06
659	5.91164e-06
660	5.18103e-06
661	5.92651e-06
662	5.092e-06
663	5.88637e-06
664	5.16125e-06
665	5.90946e-06
666	5.12096e-06
667	5.89778e-06
668	5.11414e-06
669	5.8727e-06
670	5.09653e-06
671	5.88592e-06
672	5.16367e-06
673	5.90668e-06
674	5.0097e-06
675	5.76653e-06
676	5.05977e-06
677	5.84533e-06
678	5.07975e-06
679	5.87085e-06
680	5.14369e-06
681	5.87991e-06
682	5.04598e-06
683	5.8395e-06
684	5.11901e-06
685	5.87111e-06
686	5.0914e-06
687	5.85842e-06
688	5.07687e-06
689	5.83453e-06
690	5.06322e-06
691	5.84632e-06
692	5.1184e-06
693	5.86083e-06
694	4.96201e-06
695	5.70903e-06
696	5.00636e-06
697	5.80008e-06
698	5.02458e-06
699	5.80071e-06
700	5.08848e-06
701	5.84621e-06
702	4.9949e-06
703	5.75555e-06
704	5.0433e-06
705	5.81515e-06
706	5.03422e-06
707	5.78416e-06
708	5.00993e-06
709	5.78484e-06
710	5.00077e-06
711	5.76457e-06
712	5.04369e-06
713	5.79197e-06
714	4.89387e-06
715	5.64033e-06
716	5.19518e-06
717	5.88914e-06
718	4.97604e-06
719	5.78221e-06
720	5.06962e-06
721	5.81363e-06
722	4.96543e-06
723	5.7392e-06
724	5.02163e-06
725	5.81145e-06
726	5.00679e-06
727	5.76756e-06
728	4.98555e-06
729	5.77171e-06
730	4.97885e-06
731	5.75069e-06
732	5.02287e-06
733	5.7785e-06
734	4.87845e-06
735	5.63702e-06
736	4.93293e-06
737	5.73091e-06
738	4.94605e-06
739	5.72503e-06
740	5.00849e-06
741	5.77137e-06
742	4.93028e-06
743	5.70275e-06
744	5.00063e-06
745	5.77729e-06
746	4.98769e-06
747	5.73864e-06
748	4.96954e-06
749	5.75267e-06
750	4.97412e-06
751	5.74629e-06
752	5.02497e-06
753	5.78077e-06
754	4.88311e-06
755	5.63468e-06
756	4.93243e-06
757	5.7348e-06
758	4.95503e-06
759	5.73201e-06
760	5.01774e-06
761	5.78074e-06
762	4.93878e-06
763	5.70679e-06
764	5.00063e-06
765	5.77549e-06
766	4.9907e-06
767	5.74364e-06
768	4.97388e-06
769	5.7577e-06
770	4.97307e-06
771	5.74147e-06
772	5.01712e-06
773	5.77101e-06
774	4.87725e-06
775	5.63164e-06
776	4.92867e-06
777	5.72536e-06
778	4.95005e-06
779	5.72837e-06
780	5.01389e-06
781	5.76536e-06
782	4.93055e-06
783	5.71515e-06
784	4.99785e-06
785	5.75033e-06
786	4.97571e-06
787	5.74663e-06
788	4.96568e-06
789	5.72146e-06
790	4.94678e-06
791	5.73435e-06
792	5.01405e-06
793	5.76068e-06
794	4.86059e-06
795	5.60583e-06
796	4.90399e-06
797	5.70475e-06
798	4.92608e-06
799	5.69941e-06
800	4.98184e-06
801	5.7459e-06
802	4.9028e-06
803	5.6682e-06
804	4.96478e-06
805	5.7423e-06
806	4.95109e-06
807	5.6986e-06
808	4.92271e-06
809	5.70649e-06
810	4.9298e-06
811	5.69862e-06
812	4.97966e-06
813	5.73287e-06
814	4.83464e-06
815	5.58502e-06
816	4.87925e-06
817	5.68034e-06
818	4.90449e-06
819	5.67911e-06
820	4.96481e-06
821	5.7281e-06
822	4.88361e-06
823	5.65334e-06
824	4.94769e-06
825	5.72434e-06
826	4.93815e-06
827	5.68853e-06
828	4.91675e-06
829	5.68989e-06
830	4.91654e-06
831	5.70136e-06
832	4.96916e-06
833	5.70046e-06
834	4.81566e-06
835	5.83961e-06
836	5.28309e-06
837	5.7911e-06
838	4.9222e-06
839	5.73714e-06
840	4.98697e-06
841	5.73976e-06
842	4.9085e-06
843	5.67417e-06
844	4.96407e-06
845	5.73721e-06
846	4.93713e-06
847	5.69455e-06
848	4.91361e-06
849	5.70184e-06
850	4.91519e-06
851	5.68991e-06
852	4.9653e-06
853	5.7215e-06
854	4.82476e-06
855	5.57461e-06
856	5.13309e-06
857	5.83212e-06
858	4.91183e-06
859	5.72206e-06
860	5.00723e-06
861	5.75222e-06
862	4.90959e-06
863	5.68376e-06
864	4.96374e-06
865	5.75409e-06
866	4.95214e-06
867	5.71723e-06
868	4.93396e-06
869	5.72306e-06
870	4.93155e-06
871	5.70545e-06
872	4.98162e-06
873	5.74135e-06
874	4.84354e-06
875	5.60335e-06
876	4.89705e-06
877	5.68906e-06
878	4.9211e-06
879	5.72176e-06
880	4.99183e-06
881	5.7304e-06
882	4.89888e-06
883	5.69241e-06
884	4.98345e-06
885	5.74041e-06
886	4.96625e-06
887	5.73939e-06
888	4.95249e-06
889	5.71147e-06
890	4.93652e-06
891	5.72794e-06
892	5.00797e-06
893	5.74959e-06
894	4.86216e-06
895	5.63044e-06
896	4.91679e-06
897	5.69751e-06
898	4.92995e-06
899	5.72356e-06
900	5.0084e-06
901	5.75769e-06
902	4.91996e-06
903	5.69236e-06
904	4.98787e-06
905	5.76162e-06
906	4.97652e-06
907	5.72521e-06
908	4.95763e-06
909	5.7393e-06
910	4.95884e-06
911	5.72983e-06
912	5.00648e-06
913	5.76183e-06
914	4.86336e-06
915	5.61185e-06
916	4.91013e-06
917	5.71013e-06
918	4.93429e-06
919	5.71625e-06
920	4.99788e-06
921	5.75668e-06
922	4.9219e-06
923	5.70956e-06
924	4.98983e-06
925	5.74131e-06
926	4.95955e-06
927	5.73415e-06
928	4.9529e-06
929	5.71464e-06
930	4.94731e-06
931	5.74182e-06
932	5.00323e-06
933	5.73126e-06
934	4.83518e-06
935	5.60891e-06
936	4.9001e-06
937	5.68774e-06
938	4.92136e-06
939	5.71853e-06
940	4.98936e-06
941	5.72736e-06
942	4.88926e-06
943	5.68404e-06
944	4.96984e-06
945	5.72982e-06
946	4.9498e-06
947	5.7099e-06
948	4.93183e-06
949	5.70073e-06
950	4.92679e-06
951	5.70269e-06
952	4.98274e-06
953	5.73419e-06
954	4.8334e-06
955	5.57938e-06
956	4.87535e-06
957	5.67749e-06
958	4.9073e-06
959	5.688e-06
960	4.9725e-06
961	5.73515e-06
962	4.88851e-06
963	5.65306e-06
964	4.94714e-06
965	5.72199e-06
966	4.93987e-06
967	5.69282e-06
968	4.92056e-06
969	5.70186e-06
970	4.92181e-06
971	5.69039e-06
972	4.97137e-06
973	5.72508e-06
974	4.82286e-06
975	5.82311e-06
976	5.27231e-06
977	5.80416e-06
978	4.94137e-06
979	5.74537e-06
980	4.99627e-06
981	5.75084e-06
982	4.90947e-06
983	5.66815e-06
984	4.95339e-06
985	5.73345e-06
986	4.94273e-06
987	5.70257e-06
988	4.92358e-06
989	5.71158e-06
990	4.92295e-06
991	5.69776e-06
992	4.96808e-06
993	5.72444e-06
994	4.83216e-06
995	5.58583e-06
996	5.14335e-06
997	5.8366e-06
998	4.91739e-06
999	5.72998e-06
1000	5.01544e-06
1001	5.76018e-06
1002	4.91494e-06
1003	5.68905e-06
1004	4.96954e-06
1005	5.76079e-06
1006	4.95528e-06
1007	5.71958e-06
1008	4.93259e-06
1009	5.72171e-06
1010	4.93551e-06
1011	5.7114e-06
1012	4.98946e-06
1013	5.75082e-06
1014	4.84342e-06
1015	5.59721e-06
1016	4.88921e-06
1017	5.69442e-06
1018	4.91983e-06
1019	5.70545e-06
1020	4.98973e-06
1021	5.75275e-06
1022	4.90281e-06
1023	5.67068e-06
1024	4.96258e-06
1025	5.74121e-06
1026	4.95893e-06
1027	5.71325e-06
1028	4.94389e-06
1029	5.73166e-06
1030	4.94774e-06
1031	5.7191e-06
1032	4.996e-06
1033	5.75526e-06
1034	4.85965e-06
1035	5.61694e-06
1036	4.91488e-06
1037	5.71788e-06
1038	4.93743e-06
1039	5.71727e-06
1040	4.99825e-06
1041	5.76227e-06
1042	4.92451e-06
1043	5.69695e-06
1044	4.99265e-06
1045	5.76864e-06
1046	4.97497e-06
1047	5.72272e-06
1048	4.94556e-06
1049	5.72661e-06
1050	4.95432e-06
1051	5.7337e-06
1052	5.01176e-06
1053	5.76e-06
1054	4.86291e-06
1055	5.60901e-06
1056	4.90329e-06
1057	5.70574e-06
1058	4.93518e-06
1059	5.71386e-06
1060	4.99649e-06
1061	5.76044e-06
1062	4.92316e-06
1063	5.6961e-06
1064	4.99516e-06
1065	5.77227e-06
1066	4.97702e-06
1067	5.72474e-06
1068	4.94543e-06
1069	5.72783e-06
1070	4.95262e-06
1071	5.72356e-06
1072	5.00492e-06
1073	5.75238e-06
1074	4.85195e-06
1075	5.60572e-06
1076	4.89655e-06
1077	5.69226e-06
1078	4.92368e-06
1079	5.7161e-06
1080	4.98764e-06
1081	5.72673e-06
1082	4.89195e-06
1083	5.68509e-06
1084	4.96828e-06
1085	5.72201e-06
1086	4.94488e-06
1087	5.71952e-06
1088	4.93186e-06
1089	5.69128e-06
1090	4.91404e-06
1091	5.70772e-06
1092	4.98252e-06
1093	5.7307e-06
1094	4.83561e-06
1095	5.59547e-06
1096	4.88903e-06
1097	5.67372e-06
1098	4.9073e-06
1099	5.70216e-06
1100	4.97637e-06
1101	5.72114e-06
1102	4.88941e-06
1103	5.67256e-06
1104	4.96078e-06
1105	5.72394e-06
1106	4.94071e-06
1107	5.69384e-06
1108	4.92488e-06
1109	5.70333e-06
1110	4.92025e-06
1111	5.68444e-06
1112	4.96192e-06
1113	5.71504e-06
1114	4.8241e-06
1115	5.8315e-06
1116	5.2851e-06
1117	5.81647e-06
1118	4.94539e-06
1119	5.74402e-06
1120	4.99152e-06
1121	5.74633e-06
1122	4.91399e-06
1123	5.67633e-06
1124	4.97056e-06
1125	5.74765e-06
1126	4.9481e-06
1127	5.70489e-06
1128	4.91734e-06
1129	5.70874e-06
1130	4.92594e-06
1131	5.69954e-06
1132	4.97814e-06
1133	5.73394e-06
1134	4.83181e-06
1135	5.58161e-06
1136	5.13595e-06
1137	5.83338e-06
1138	4.92143e-06
1139	5.73737e-06
1140	5.02052e-06
1141	5.76137e-06
1142	4.91604e-06
1143	5.6957e-06
1144	4.97203e-06
1145	5.75026e-06
1146	4.95709e-06
1147	5.74185e-06
1148	4.94154e-06
1149	5.70156e-06
1150	4.92012e-06
1151	5.71504e-06
1152	4.99026e-06
1153	5.74016e-06
1154	4.84847e-06
1155	5.61426e-06
1156	4.9037e-06
1157	5.68197e-06
1158	4.91128e-06
1159	5.71007e-06
1160	4.9914e-06
1161	5.74269e-06
1162	4.9031e-06
1163	5.67608e-06
1164	4.97359e-06
1165	5.74798e-06
1166	4.96118e-06
1167	5.71519e-06
1168	4.9468e-06
1169	5.73535e-06
1170	4.9517e-06
1171	5.7188e-06
1172	4.99624e-06
1173	5.75565e-06
1174	4.86142e-06
1175	5.61639e-06
1176	4.91266e-06
1177	5.719e-06
1178	4.94212e-06
1179	5.71876e-06
1180	5.00608e-06
1181	5.76976e-06
1182	4.92797e-06
1183	5.69406e-06
1184	4.9892e-06
1185	5.76446e-06
1186	4.98021e-06
1187	5.72965e-06
1188	4.96142e-06
1189	5.74374e-06
1190	4.96396e-06
1191	5.73174e-06
1192	5.00936e-06
1193	5.76517e-06
1194	4.86841e-06
1195	5.61479e-06
1196	4.90961e-06
1197	5.70836e-06
1198	4.93365e-06
1199	5.71474e-06
1200	5.0009e-06
1201	5.76641e-06
1202	4.91872e-06
1203	5.68533e-06
1204	4.97664e-06
1205	5.75485e-06
1206	4.97023e-06
1207	5.72243e-06
1208	4.94699e-06
1209	5.72688e-06
1210	4.94603e-06
1211	5.71802e-06
1212	4.99817e-06
1213	5.75369e-06
1214	4.84812e-06
1215	5.59908e-06
1216	4.88708e-06
1217	5.69169e-06
1218	4.91971e-06
1219	5.70352e-06
1220	4.98928e-06
1221	5.75064e-06
1222	4.90193e-06
1223	5.66963e-06
1224	4.95496e-06
1225	5.73408e-06
1226	4.94812e-06
1227	5.69885e-06
1228	4.9302e-06
1229	5.71371e-06
1230	4.92791e-06
1231	5.70013e-06
1232	4.97032e-06
1233	5.72829e-06
1234	4.8366e-06
1235	5.58904e-06
1236	4.88651e-06
1237	5.68952e-06
1238	4.90928e-06
1239	5.68737e-06
1240	4.97046e-06
1241	5.73179e-06
1242	4.89516e-06
1243	5.66746e-06
1244	4.95943e-06
1245	5.72226e-06
1246	4.94467e-06
1247	5.7124e-06
1248	4.9277e-06
1249	5.68187e-06
1250	4.91904e-06
1251	5.71397e-06
1252	4.98402e-06
1253	5.70862e-06
1254	4.81282e-06
1255	5.58068e-06
1256	5.13513e-06
1257	5.82414e-06
1258	4.91675e-06
1259	5.73529e-06
1260	5.01455e-06
1261	5.73842e-06
1262	4.90513e-06
1263	5.70194e-06
1264	4.97237e-06
1265	5.74127e-06
1266	4.95186e-06
1267	5.73382e-06
1268	4.94203e-06
1269	5.70769e-06
1270	4.92917e-06
1271	5.71321e-06
1272	4.98568e-06
1273	5.73455e-06
1274	4.83631e-06
1275	5.58674e-06
1276	4.88295e-06
1277	5.68398e-06
1278	4.91003e-06
1279	5.69374e-06
1280	4.98238e-06
1281	5.74622e-06
1282	4.89817e-06
1283	5.66578e-06
1284	4.96128e-06
1285	5.74037e-06
1286	4.95852e-06
1287	5.7117e-06
1288	4.93925e-06
1289	5.7239e-06
1290	4.94211e-06
1291	5.71616e-06
1292	4.99597e-06
1293	5.7542e-06
1294	4.85387e-06
1295	5.60656e-06
1296	4.89649e-06
1297	5.70409e-06
1298	4.9325e-06
1299	5.71814e-06
1300	5.00418e-06
1301	5.76285e-06
1302	4.91695e-06
1303	5.68448e-06
1304	4.97387e-06
1305	5.74956e-06
1306	4.96814e-06
1307	5.72287e-06
1308	4.95169e-06
1309	5.72972e-06
1310	4.94656e-06
1311	5.72056e-06
1312	4.9978e-06
1313	5.75288e-06
1314	4.85535e-06
1315	5.6035e-06
1316	4.90221e-06
1317	5.7067e-06
1318	4.92692e-06
1319	5.70448e-06
1320	4.98367e-06
1321	5.75109e-06
1322	4.91179e-06
1323	5.68403e-06
1324	4.98003e-06
1325	5.75568e-06
1326	4.96602e-06
1327	5.71699e-06
1328	4.94017e-06
1329	5.72179e-06
1330	4.9429e-06
1331	5.70921e-06
1332	4.98963e-06
1333	5.74351e-06
1334	4.83969e-06
1335	5.58903e-06
1336	4.88001e-06
1337	5.68551e-06
1338	4.91369e-06
1339	5.68983e-06
1340	4.97321e-06
1341	5.73712e-06
1342	4.89434e-06
1343	5.66735e-06
1344	4.96009e-06
1345	5.73901e-06
1346	4.94845e-06
1347	5.69414e-06
1348	4.91657e-06
1349	5.69982e-06
1350	4.92261e-06
1351	5.6984e-06
1352	4.9786e-06
1353	5.73326e-06
1354	4.82647e-06
1355	5.57356e-06
1356	4.86849e-06
1357	5.67196e-06
1358	4.89845e-06
1359	5.67847e-06
1360	4.96362e-06
1361	5.72702e-06
1362	4.88242e-06
1363	5.65152e-06
1364	4.94224e-06
1365	5.72124e-06
1366	4.9378e-06
1367	5.68843e-06
1368	4.91775e-06
1369	5.70128e-06
1370	4.92075e-06
1371	5.68919e-06
1372	4.9706e-06
1373	5.72264e-06
1374	4.82244e-06
1375	5.57165e-06
1376	5.12296e-06
1377	5.82025e-06
1378	4.91047e-06
1379	5.72291e-06
1380	5.01023e-06
1381	5.75418e-06
1382	4.90481e-06
1383	5.67823e-06
1384	4.96008e-06
1385	5.75035e-06
1386	4.95261e-06
1387	5.72044e-06
1388	4.93265e-06
1389	5.70682e-06
1390	4.92644e-06
1391	5.71649e-06
1392	4.98033e-06
1393	5.7124e-06
1394	4.82418e-06
1395	5.60254e-06
1396	4.89207e-06
1397	5.67061e-06
1398	4.90089e-06
1399	5.70037e-06
1400	4.98078e-06
1401	5.73025e-06
1402	4.89218e-06
1403	5.66683e-06
1404	4.96512e-06
1405	5.74208e-06
1406	4.95287e-06
1407	5.70197e-06
1408	4.92895e-06
1409	5.71364e-06
1410	4.93889e-06
1411	5.71686e-06
1412	5.00051e-06
1413	5.75703e-06
1414	4.85283e-06
1415	5.60588e-06
1416	4.89403e-06
1417	5.69805e-06
1418	4.93181e-06
1419	5.71977e-06
1420	5.00412e-06
1421	5.76095e-06
1422	4.91628e-06
1423	5.68665e-06
1424	4.9814e-06
1425	5.75707e-06
1426	4.96726e-06
1427	5.71623e-06
1428	4.94191e-06
1429	5.72458e-06
1430	4.94522e-06
1431	5.72122e-06
1432	5.00202e-06
1433	5.75837e-06
1434	4.85299e-06
1435	5.60214e-06
1436	4.89615e-06
1437	5.69783e-06
1438	4.92375e-06
1439	5.70318e-06
1440	4.98806e-06
1441	5.7512e-06
1442	4.90683e-06
1443	5.67663e-06
1444	4.97286e-06
1445	5.74965e-06
1446	4.96158e-06
1447	5.7104e-06
1448	4.9405e-06
1449	5.72287e-06
1450	4.94275e-06
1451	5.71082e-06
1452	4.98812e-06
1453	5.74356e-06
1454	4.84368e-06
1455	5.59275e-06
1456	4.88415e-06
1457	5.6889e-06
1458	4.91387e-06
1459	5.69189e-06
1460	4.97744e-06
1461	5.74009e-06
1462	4.89469e-06
1463	5.66654e-06
1464	4.95874e-06
1465	5.73663e-06
1466	4.94531e-06
1467	5.69414e-06
1468	4.92066e-06
1469	5.70194e-06
1470	4.92351e-06
1471	5.69654e-06
1472	4.97674e-06
1473	5.73065e-06
1474	4.8322e-06
1475	5.58292e-06
1476	4.87665e-06
1477	5.672e-06
1478	4.90293e-06
1479	5.69839e-06
1480	4.97022e-06
1481	5.71062e-06
1482	4.88003e-06
1483	5.67138e-06
1484	4.95353e-06
1485	5.70669e-06
1486	4.93034e-06
1487	5.69942e-06
1488	4.91721e-06
1489	5.67856e-06
1490	4.91146e-06
1491	5.69337e-06
1492	4.97103e-06
1493	5.71585e-06
1494	4.81842e-06
1495	5.8175e-06
1496	5.27354e-06
1497	5.80602e-06
1498	4.94029e-06
1499	5.74073e-06
1500	4.99294e-06
1501	5.74701e-06
1502	4.90546e-06
1503	5.66395e-06
1504	4.95415e-06
1505	5.73298e-06
1506	4.94033e-06
1507	5.70037e-06
1508	4.92212e-06
1509	5.71117e-06
1510	4.92074e-06
1511	5.69604e-06
1512	4.96899e-06
1513	5.72595e-06
1514	4.82672e-06
1515	5.57751e-06
1516	4.87472e-06
1517	5.67776e-06
1518	4.89819e-06
1519	5.67994e-06
1520	4.96111e-06
1521	5.72908e-06
1522	4.88414e-06
1523	5.6563e-06
1524	4.94936e-06
1525	5.72895e-06
1526	4.93818e-06
1527	5.69026e-06
1528	4.91562e-06
1529	5.70086e-06
1530	4.92025e-06
1531	5.68982e-06
1532	4.97013e-06
1533	5.72585e-06
1534	4.82575e-06
1535	5.57805e-06
1536	4.86907e-06
1537	5.67433e-06
1538	4.90249e-06
1539	5.68451e-06
1540	4.97141e-06
1541	5.73721e-06
1542	4.88663e-06
1543	5.65439e-06
1544	4.94409e-06
1545	5.7217e-06
1546	4.93867e-06
1547	5.69422e-06
1548	4.91658e-06
1549	5.68428e-06
1550	4.91418e-06
1551	5.70372e-06
1552	4.96742e-06
1553	5.6954e-06
1554	4.80934e-06
1555	5.58118e-06
1556	5.13665e-06
1557	5.81353e-06
1558	4.91368e-06
1559	5.74462e-06
1560	5.01482e-06
1561	5.7355e-06
1562	4.88933e-06
1563	5.68177e-06
1564	4.96933e-06
1565	5.7594e-06
1566	4.959e-06
1567	5.72069e-06
1568	4.93999e-06
1569	5.72419e-06
1570	4.93612e-06
1571	5.70503e-06
1572	4.98241e-06
1573	5.74065e-06
1574	4.8409e-06
1575	5.59227e-06
1576	4.88958e-06
1577	5.68866e-06
1578	4.91308e-06
1579	5.69264e-06
1580	4.98022e-06
1581	5.74541e-06
1582	4.89952e-06
1583	5.66679e-06
1584	4.95945e-06
1585	5.73802e-06
1586	4.9595e-06
1587	5.71537e-06
1588	4.94337e-06
1589	5.72686e-06
1590	4.94378e-06
1591	5.71659e-06
1592	4.99616e-06
1593	5.75438e-06
1594	4.85538e-06
1595	5.61024e-06
1596	4.90388e-06
1597	5.71054e-06
1598	4.93507e-06
1599	5.71663e-06
1600	5.0043e-06
1601	5.76783e-06
1602	4.9217e-06
1603	5.69088e-06
1604	4.983e-06
1605	5.75992e-06
1606	4.97555e-06
1607	5.72801e-06
1608	4.95155e-06
1609	5.7226e-06
1610	4.9512e-06
1611	5.74031e-06
1612	5.00619e-06
1613	5.73584e-06
1614	4.8504e-06
1615	5.62548e-06
1616	4.91428e-06
1617	5.69089e-06
1618	4.91666e-06
1619	5.70683e-06
1620	4.99388e-06
1621	5.75544e-06
1622	4.91053e-06
1623	5.67542e-06
1624	4.97202e-06
1625	5.74858e-06
1626	4.96477e-06
1627	5.71324e-06
1628	4.94298e-06
1629	5.7266e-06
1630	4.94191e-06
1631	5.70717e-06
1632	4.98646e-06
1633	5.73847e-06
1634	4.84319e-06
1635	5.59391e-06
1636	4.88701e-06
1637	5.68909e-06
1638	4.91397e-06
1639	5.69311e-06
1640	4.97892e-06
1641	5.74465e-06
1642	4.89621e-06
1643	5.66227e-06
1644	4.95172e-06
1645	5.72975e-06
1646	4.94369e-06
1647	5.69444e-06
1648	4.92483e-06
1649	5.70762e-06
1650	4.92215e-06
1651	5.69232e-06
1652	4.96623e-06
1653	5.72336e-06
1654	4.83037e-06
1655	5.58467e-06
1656	4.87785e-06
1657	5.66924e-06
1658	4.90181e-06
1659	5.70017e-06
1660	4.96816e-06
1661	5.70775e-06
1662	4.87441e-06
1663	5.66759e-06
1664	4.95565e-06
1665	5.71175e-06
1666	4.9371e-06
1667	5.70766e-06
1668	4.91754e-06
1669	5.67491e-06
1670	4.90182e-06
1671	5.69018e-06
1672	4.97014e-06
1673	5.70672e-06
1674	4.81891e-06
1675	5.83689e-06
1676	5.28047e-06
1677	5.79155e-06
1678	4.92826e-06
1679	5.74551e-06
1680	4.99454e-06
1681	5.74049e-06
1682	4.90562e-06
1683	5.66554e-06
1684	4.95782e-06
1685	5.7361e-06
1686	4.93686e-06
1687	5.69329e-06
1688	4.91247e-06
1689	5.70158e-06
1690	4.9159e-06
1691	5.68964e-06
1692	4.96472e-06
1693	5.72358e-06
1694	4.82412e-06
1695	5.57328e-06
1696	5.13144e-06
1697	5.82994e-06
1698	4.91273e-06
1699	5.72229e-06
1700	5.00819e-06
1701	5.75581e-06
1702	4.91112e-06
1703	5.68363e-06
1704	4.96183e-06
1705	5.75164e-06
1706	4.9503e-06
1707	5.71693e-06
1708	4.93526e-06
1709	5.72384e-06
1710	4.93095e-06
1711	5.70432e-06
1712	4.97752e-06
1713	5.73928e-06
1714	4.84253e-06
1715	5.5989e-06
1716	4.89727e-06
1717	5.70087e-06
1718	4.92031e-06
1719	5.70357e-06
1720	4.98259e-06
1721	5.7506e-06
1722	4.91175e-06
1723	5.6847e-06
1724	4.98269e-06
1725	5.75879e-06
1726	4.96757e-06
1727	5.71836e-06
1728	4.94175e-06
1729	5.72566e-06
1730	4.95061e-06
1731	5.72328e-06
1732	5.00599e-06
1733	5.76245e-06
1734	4.86126e-06
1735	5.61265e-06
1736	4.90731e-06
1737	5.71061e-06
1738	4.9385e-06
1739	5.71468e-06
1740	5.00625e-06
1741	5.76737e-06
1742	4.9228e-06
1743	5.69073e-06
1744	4.97965e-06
1745	5.75796e-06
1746	4.97924e-06
1747	5.73433e-06
1748	4.96445e-06
1749	5.74227e-06
1750	4.95807e-06
1751	5.72879e-06
1752	5.0055e-06
1753	5.76011e-06
1754	4.86369e-06
1755	5.61214e-06
1756	4.90753e-06
1757	5.70767e-06
1758	4.9311e-06
1759	5.71409e-06
1760	4.99936e-06
1761	5.76505e-06
1762	4.91885e-06
1763	5.6855e-06
1764	4.97827e-06
1765	5.75514e-06
1766	4.96883e-06
1767	5.72227e-06
1768	4.94992e-06
1769	5.73314e-06
1770	4.94989e-06
1771	5.71769e-06
1772	4.99557e-06
1773	5.75021e-06
1774	4.85234e-06
1775	5.61058e-06
1776	4.89939e-06
1777	5.69191e-06
1778	4.92404e-06
1779	5.7221e-06
1780	4.99281e-06
1781	5.73144e-06
1782	4.89669e-06
1783	5.69036e-06
1784	4.97626e-06
1785	5.73176e-06
1786	4.95402e-06
1787	5.72555e-06
1788	4.93627e-06
1789	5.69204e-06
1790	4.9153e-06
1791	5.70665e-06
1792	4.98197e-06
1793	5.72361e-06
1794	4.83547e-06
1795	5.60014e-06
1796	4.88697e-06
1797	5.66503e-06
1798	4.89355e-06
1799	5.68873e-06
1800	4.97381e-06
1801	5.72972e-06
1802	4.88667e-06
1803	5.65175e-06
1804	4.94726e-06
1805	5.72173e-06
1806	4.93804e-06
1807	5.68989e-06
1808	4.91897e-06
1809	5.70062e-06
1810	4.91838e-06
1811	5.68506e-06
1812	4.96566e-06
1813	5.71759e-06
1814	4.82505e-06
1815	5.57664e-06
1816	5.13197e-06
1817	5.81958e-06
1818	4.91332e-06
1819	5.73714e-06
1820	5.01437e-06
1821	5.73465e-06
1822	4.89968e-06
1823	5.69706e-06
1824	4.97639e-06
1825	5.75105e-06
1826	4.96257e-06
1827	5.74261e-06
1828	4.94388e-06
1829	5.70329e-06
1830	4.92051e-06
1831	5.71222e-06
1832	4.98463e-06
1833	5.72689e-06
1834	4.83586e-06
1835	5.60541e-06
1836	4.89114e-06
1837	5.67296e-06
1838	4.90524e-06
1839	5.70368e-06
1840	4.98062e-06
1841	5.72849e-06
1842	4.8959e-06
1843	5.67771e-06
1844	4.97108e-06
1845	5.74196e-06
1846	4.95637e-06
1847	5.70707e-06
1848	4.93567e-06
1849	5.71871e-06
1850	4.94123e-06
1851	5.71504e-06
1852	4.9994e-06
1853	5.75653e-06
1854	4.85549e-06
1855	5.60597e-06
1856	4.89494e-06
1857	5.70226e-06
1858	4.93371e-06
1859	5.71768e-06
1860	5.0031e-06
1861	5.76093e-06
1862	4.91506e-06
1863	5.68326e-06
1864	4.97627e-06
1865	5.75357e-06
1866	4.96766e-06
1867	5.71533e-06
1868	4.94273e-06
1869	5.7273e-06
1870	4.94834e-06
1871	5.72397e-06
1872	5.00307e-06
1873	5.75724e-06
1874	4.85242e-06
1875	5.60087e-06
1876	4.8952e-06
1877	5.69931e-06
1878	4.92489e-06
1879	5.70408e-06
1880	4.98649e-06
1881	5.75275e-06
1882	4.90725e-06
1883	5.67854e-06
1884	4.96771e-06
1885	5.74444e-06
1886	4.95908e-06
1887	5.71692e-06
1888	4.94487e-06
1889	5.72506e-06
1890	4.93927e-06
1891	5.70967e-06
1892	4.98232e-06
1893	5.73352e-06
1894	4.84039e-06
1895	5.59834e-06
1896	4.89371e-06
1897	5.69087e-06
1898	4.91018e-06
1899	5.6866e-06
1900	4.97222e-06
1901	5.73219e-06
1902	4.88938e-06
1903	5.66154e-06
1904	4.95449e-06
1905	5.73083e-06
1906	4.94361e-06
1907	5.69305e-06
1908	4.9237e-06
1909	5.70712e-06
1910	4.92304e-06
1911	5.69218e-06
1912	4.96739e-06
1913	5.72347e-06
1914	4.82597e-06
1915	5.57693e-06
1916	4.87259e-06
1917	5.67412e-06
1918	4.89677e-06
1919	5.6755e-06
1920	4.96014e-06
1921	5.72754e-06
1922	4.87869e-06
1923	5.64521e-06
1924	4.93782e-06
1925	5.71466e-06
1926	4.9316e-06
1927	5.68196e-06
1928	4.90796e-06
1929	5.69087e-06
1930	4.91175e-06
1931	5.68365e-06
1932	4.96527e-06
1933	5.71859e-06
1934	4.81383e-06
1935	5.8143e-06
1936	5.26732e-06
1937	5.80153e-06
1938	4.93741e-06
1939	5.73847e-06
1940	4.98644e-06
1941	5.74416e-06
1942	4.90568e-06
1943	5.66749e-06
1944	4.95834e-06
1945	5.73615e-06
1946	4.93652e-06
1947	5.69561e-06
1948	4.91169e-06
1949	5.70043e-06
1950	4.91656e-06
1951	5.69291e-06
1952	4.97049e-06
1953	5.72693e-06
1954	4.82186e-06
1955	5.56963e-06
1956	5.11951e-06
1957	5.81889e-06
1958	4.91041e-06
1959	5.732e-06
1960	5.01836e-06
1961	5.75976e-06
1962	4.91194e-06
1963	5.68396e-06
1964	4.96013e-06
1965	5.75185e-06
1966	4.94998e-06
1967	5.71594e-06
1968	4.93593e-06
1969	5.72471e-06
1970	4.93028e-06
1971	5.70262e-06
1972	4.97516e-06
1973	5.7371e-06
1974	4.84358e-06
1975	5.59954e-06
1976	4.89965e-06
1977	5.69977e-06
1978	4.9171e-06
1979	5.69879e-06
1980	4.97927e-06
1981	5.74352e-06
1982	4.90228e-06
1983	5.67183e-06
1984	4.9715e-06
1985	5.74905e-06
1986	4.95785e-06
1987	5.71148e-06
1988	4.93683e-06
1989	5.72391e-06
1990	4.94807e-06
1991	5.724e-06
1992	5.00629e-06
1993	5.76011e-06
1994	4.86181e-06
1995	5.61929e-06
1996	4.9108e-06
1997	5.70902e-06
1998	4.94248e-06
1999	5.73664e-06
2000	5.01291e-06
