1	0.0793136
2	0.0763771
3	0.0430717
4	0.0369422
5	0.0186769
6	0.00969083
7	0.0109954
8	0.0106864
9	0.00792259
10	0.00637084
11	0.00629894
12	0.00623715
13	0.00615042
14	0.00598356
15	0.00577502
16	0.00537336
17	0.00500937
18	0.00481205
19	0.00462133
20	0.00442137
21	0.00421208
22	0.00398815
23	0.00377023
24	0.00356395
25	0.0033667
26	0.00177199
27	0.00163933
28	0.00153347
29	0.00144027
30	0.00135437
31	0.00127304
32	0.00120135
33	0.0011302
34	0.00107879
35	0.00103006
36	0.00100369
37	0.000973075
38	0.000956743
39	0.000940751
40	0.000941116
41	0.000941073
42	0.000950544
43	0.00096356
44	0.000979984
45	0.000997435
46	0.0010172
47	0.00103977
48	0.00106942
49	0.00110923
50	0.00115859
51	0.00121954
52	0.00128473
53	0.00135669
54	0.00143069
55	0.00151851
56	0.00155512
57	0.0016436
58	0.00167754
59	0.00176453
60	0.00180406
61	0.0018979
62	0.00190272
63	0.00201018
64	0.00204454
65	0.00209921
66	0.0021656
67	0.0022308
68	0.00228403
69	0.00232485
70	0.00235093
71	0.00236687
72	0.00237392
73	0.00237521
74	0.00142932
75	0.00232654
76	0.0014036
77	0.00226884
78	0.00138338
79	0.00133972
80	0.0013359
81	0.00130085
82	0.00129399
83	0.00128314
84	0.00126176
85	0.00123632
86	0.00121806
87	0.0011905
88	0.00117499
89	0.00115452
90	0.00113085
91	0.00111578
92	0.00109322
93	0.00107483
94	0.00106738
95	0.00105321
96	0.00103362
97	0.00101698
98	0.000991506
99	0.000968004
100	0.000923051
101	0.000878183
102	0.00085113
103	0.000834744
104	0.000820995
105	0.00080345
106	0.000784934
107	0.000762175
108	0.000736881
109	0.000708053
110	0.000682556
111	0.000661575
112	0.000649313
113	0.000640938
114	0.000640403
115	0.000646997
116	0.000657813
117	0.000667238
118	0.000675627
119	0.00068019
120	0.000679572
121	0.000677684
122	0.00067449
123	0.000669213
124	0.000663338
125	0.000657897
126	0.0006535
127	0.000644638
128	0.000641094
129	0.000641223
130	0.000633884
131	0.000627735
132	0.000622504
133	0.000618087
134	0.000615283
135	0.000618447
136	0.00061643
137	0.000621324
138	0.000625615
139	0.000632545
140	0.000635386
141	0.00063705
142	0.000641188
143	0.000650824
144	0.00065615
145	0.000663534
146	0.000665875
147	0.00066634
148	0.000665076
149	0.000653983
150	0.000642097
151	0.000630664
152	0.000619324
153	0.000611664
154	0.000602869
155	0.000599507
156	0.000596235
157	0.000594952
158	0.00059746
159	0.00060089
160	0.000600884
161	0.000599123
162	0.000596085
163	0.000591414
164	0.000585857
165	0.000577214
166	0.000566805
167	0.000553773
168	0.000538173
169	0.000520005
170	0.000504276
171	0.000486665
172	0.000475286
173	0.000457688
174	0.000445068
175	0.000434704
176	0.000426498
177	0.000417228
178	0.000408446
179	0.000398433
180	0.000387213
181	0.00037327
182	0.000361902
183	0.0003492
184	0.000339864
185	0.00033011
186	0.000321396
187	0.000313975
188	0.000304771
189	0.000298276
190	0.000292433
191	0.000286789
192	0.000281636
193	0.000277799
194	0.000272543
195	0.000268627
196	0.000264933
197	0.000261447
198	0.000258324
199	0.000255451
200	0.000252912
201	0.000250531
202	0.00024824
203	0.000245947
204	0.00024382
205	0.000241869
206	0.000240277
207	0.000238917
208	0.000237931
209	0.000237081
210	0.000236471
211	0.000235889
212	0.000235457
213	0.000235196
214	0.000235177
215	0.000235364
216	0.000235763
217	0.000236237
218	0.000236895
219	0.000237597
220	0.000238479
221	0.000239474
222	0.000240618
223	0.000241834
224	0.000243189
225	0.000244539
226	0.000245918
227	0.000247229
228	0.00024854
229	0.000249698
230	0.000250782
231	0.000251688
232	0.000252669
233	0.000252833
234	0.000253293
235	0.000252702
236	0.000252134
237	0.000251625
238	0.000250243
239	0.000248606
240	0.000245766
241	0.000241363
242	0.00023747
243	0.000232921
244	0.000226702
245	0.00022011
246	0.000213048
247	0.000205591
248	0.000197655
249	0.000189445
250	0.000181321
251	0.000173576
252	0.00016635
253	0.000160432
254	0.000154074
255	0.000148385
256	0.000143694
257	0.000139414
258	0.000136217
259	0.000133487
260	0.000131441
261	0.00012961
262	0.000127733
263	0.000125627
264	0.000123147
265	0.00012105
266	0.000118565
267	0.000115391
268	0.000112953
269	0.000110024
270	0.000107244
271	0.000103938
272	0.000101579
273	9.79822e-05
274	9.49333e-05
275	9.24838e-05
276	8.90108e-05
277	8.63262e-05
278	8.42071e-05
279	8.11007e-05
280	7.89123e-05
281	7.68744e-05
282	7.49482e-05
283	7.31347e-05
284	7.14824e-05
285	6.99665e-05
286	6.87531e-05
287	6.72094e-05
288	6.63295e-05
289	6.51388e-05
290	6.41199e-05
291	6.32186e-05
292	6.23444e-05
293	6.15262e-05
294	6.03106e-05
295	5.94754e-05
296	5.84461e-05
297	5.73178e-05
298	5.60718e-05
299	5.47577e-05
300	5.35782e-05
301	5.21849e-05
302	5.04424e-05
303	4.88124e-05
304	4.70436e-05
305	4.52292e-05
306	4.34837e-05
307	4.17724e-05
308	3.96826e-05
309	3.80095e-05
310	3.65384e-05
311	3.50345e-05
312	3.3546e-05
313	3.21772e-05
314	3.09197e-05
315	2.9962e-05
316	2.87711e-05
317	2.78883e-05
318	2.71883e-05
319	2.65788e-05
320	2.61726e-05
321	2.58871e-05
322	2.55098e-05
323	2.53352e-05
324	2.50945e-05
325	2.48634e-05
326	2.45922e-05
327	2.42722e-05
328	2.3797e-05
329	2.33667e-05
330	2.28284e-05
331	2.22884e-05
332	2.16884e-05
333	2.09141e-05
334	2.03713e-05
335	1.95048e-05
336	1.90339e-05
337	1.82224e-05
338	1.77317e-05
339	1.6961e-05
340	1.6527e-05
341	1.58357e-05
342	1.5462e-05
343	1.49396e-05
344	1.44613e-05
345	1.40505e-05
346	1.36665e-05
347	1.33263e-05
348	1.29584e-05
349	1.26627e-05
350	1.23862e-05
351	1.21301e-05
352	1.18684e-05
353	1.16313e-05
354	1.13118e-05
355	1.10627e-05
356	1.08148e-05
357	1.05254e-05
358	1.02279e-05
359	9.89737e-06
360	9.57395e-06
361	9.18289e-06
362	8.85162e-06
363	8.47451e-06
364	8.00264e-06
365	7.72588e-06
366	7.30721e-06
367	7.00786e-06
368	6.70191e-06
369	6.39769e-06
370	6.0582e-06
371	5.80016e-06
372	5.55316e-06
373	5.41305e-06
374	5.12895e-06
375	4.99459e-06
376	4.87256e-06
377	4.83449e-06
378	4.70279e-06
379	4.61923e-06
380	4.52213e-06
381	4.49046e-06
382	4.45934e-06
383	4.44582e-06
384	4.41407e-06
385	4.43162e-06
386	4.39814e-06
387	4.30822e-06
388	4.2408e-06
389	4.15186e-06
390	4.05625e-06
391	4.00183e-06
392	3.92092e-06
393	3.813e-06
394	3.69645e-06
395	3.57882e-06
396	3.47884e-06
397	3.37933e-06
398	3.28772e-06
399	3.14261e-06
400	3.1119e-06
401	3.06224e-06
402	2.96899e-06
403	2.82608e-06
404	2.78985e-06
405	2.68704e-06
406	2.63222e-06
407	2.58175e-06
408	2.52919e-06
409	2.46171e-06
410	2.38352e-06
411	2.34468e-06
412	2.28822e-06
413	2.22128e-06
414	2.15562e-06
415	2.07476e-06
416	2.02837e-06
417	1.96627e-06
418	1.89968e-06
419	1.82393e-06
420	1.76288e-06
421	1.68209e-06
422	1.6e-06
423	1.52455e-06
424	1.47734e-06
425	1.38629e-06
426	1.31621e-06
427	1.26322e-06
428	1.20161e-06
429	1.82518e-06
430	1.10335e-06
431	1.68183e-06
432	1.62489e-06
433	1.58104e-06
434	1.51586e-06
435	1.49113e-06
436	1.43664e-06
437	1.42091e-06
438	1.38176e-06
439	1.37331e-06
440	1.35436e-06
441	1.34989e-06
442	1.34922e-06
443	1.33823e-06
444	1.3298e-06
445	1.33772e-06
446	1.32711e-06
447	1.32761e-06
448	1.31337e-06
449	1.29965e-06
450	1.28053e-06
451	1.26218e-06
452	1.23906e-06
453	1.21759e-06
454	1.19101e-06
455	1.16758e-06
456	1.14051e-06
457	1.11567e-06
458	1.07172e-06
459	1.05184e-06
460	1.03871e-06
461	1.01944e-06
462	9.97977e-07
463	9.74323e-07
464	9.53149e-07
465	9.30629e-07
466	9.0789e-07
467	8.88243e-07
468	8.68909e-07
469	8.50487e-07
470	8.31194e-07
471	8.13656e-07
472	7.96289e-07
473	7.78959e-07
474	7.59879e-07
475	7.40529e-07
476	7.2138e-07
477	7.01728e-07
478	6.79819e-07
479	6.59589e-07
480	6.37754e-07
481	6.16877e-07
482	5.93513e-07
483	9.30105e-07
484	5.56308e-07
485	8.61802e-07
486	8.25109e-07
487	8.01317e-07
488	7.71826e-07
489	7.49362e-07
490	7.1888e-07
491	6.93179e-07
492	6.65671e-07
493	6.40717e-07
494	6.14629e-07
495	5.92117e-07
496	5.74398e-07
497	5.54867e-07
498	5.37789e-07
499	5.23213e-07
500	5.0937e-07
501	4.98945e-07
502	4.88208e-07
503	4.80917e-07
504	4.75379e-07
505	4.70413e-07
506	4.63135e-07
507	4.59681e-07
508	4.55956e-07
509	4.52503e-07
510	4.47069e-07
511	4.43359e-07
512	4.3665e-07
513	4.31283e-07
514	4.22282e-07
515	4.16195e-07
516	4.11279e-07
517	7.14569e-07
518	3.99799e-07
519	6.99292e-07
520	3.88087e-07
521	6.75886e-07
522	3.70124e-07
523	6.48191e-07
524	6.28827e-07
525	6.34684e-07
526	6.11195e-07
527	6.14536e-07
528	5.92032e-07
529	5.95858e-07
530	5.72695e-07
531	5.75099e-07
532	5.57071e-07
533	5.57059e-07
534	5.31943e-07
535	5.35503e-07
536	5.22805e-07
537	5.27167e-07
538	5.10294e-07
539	5.18184e-07
540	5.03579e-07
541	5.09897e-07
542	4.92392e-07
543	5.01937e-07
544	4.90448e-07
545	4.98134e-07
546	4.79786e-07
547	4.90931e-07
548	4.78017e-07
549	4.84078e-07
550	4.6664e-07
551	4.74799e-07
552	4.61559e-07
553	4.66789e-07
554	4.47456e-07
555	4.53112e-07
556	4.44653e-07
557	4.49214e-07
558	4.35309e-07
559	4.42111e-07
560	4.2702e-07
561	4.32646e-07
562	4.13622e-07
563	4.19918e-07
564	4.06199e-07
565	4.12504e-07
566	3.95476e-07
567	4.01707e-07
568	3.87845e-07
569	3.94126e-07
570	3.80168e-07
571	3.86258e-07
572	3.73716e-07
573	3.79857e-07
574	3.61912e-07
575	3.69176e-07
576	3.63243e-07
577	3.70321e-07
578	3.58765e-07
579	3.68447e-07
580	3.56942e-07
581	3.64966e-07
582	3.49245e-07
583	3.57047e-07
584	3.48294e-07
585	3.55243e-07
586	3.41688e-07
587	3.48099e-07
588	3.37471e-07
589	3.43687e-07
590	3.31725e-07
591	3.36946e-07
592	3.26464e-07
593	3.31381e-07
594	3.14545e-07
595	3.20536e-07
596	3.14639e-07
597	3.19515e-07
598	3.08005e-07
599	3.14055e-07
600	3.02707e-07
601	3.08307e-07
602	2.92665e-07
603	2.98016e-07
604	2.8856e-07
605	2.93995e-07
606	2.79189e-07
607	2.83807e-07
608	2.72985e-07
609	2.78579e-07
610	2.66442e-07
611	2.71934e-07
612	2.60937e-07
613	2.66456e-07
614	2.49643e-07
615	2.56012e-07
616	2.50084e-07
617	2.55929e-07
618	2.44193e-07
619	2.52104e-07
620	2.4036e-07
621	2.47553e-07
622	2.31381e-07
623	2.38617e-07
624	2.29022e-07
625	2.36095e-07
626	2.22109e-07
627	2.28987e-07
628	2.17829e-07
629	2.24976e-07
630	2.13576e-07
631	2.20737e-07
632	2.11192e-07
633	2.17948e-07
634	2.0197e-07
635	2.09543e-07
636	2.04801e-07
637	2.12274e-07
638	2.02936e-07
639	2.13758e-07
640	2.04485e-07
641	2.14048e-07
642	2.01019e-07
643	2.10971e-07
644	2.03801e-07
645	2.13462e-07
646	2.02896e-07
647	2.12446e-07
648	2.03703e-07
649	2.14269e-07
650	2.05698e-07
651	2.16268e-07
652	2.07768e-07
653	2.17594e-07
654	2.03481e-07
655	2.14219e-07
656	2.10128e-07
657	2.19952e-07
658	2.10584e-07
659	2.22299e-07
660	2.1165e-07
661	2.21654e-07
662	2.072e-07
663	2.16377e-07
664	2.08334e-07
665	2.16695e-07
666	2.04383e-07
667	2.12955e-07
668	2.02937e-07
669	2.12417e-07
670	2.02234e-07
671	2.1111e-07
672	2.02591e-07
673	2.10789e-07
674	1.95926e-07
675	2.04918e-07
676	2.0058e-07
677	2.088e-07
678	1.99191e-07
679	2.09515e-07
680	1.99613e-07
681	2.08367e-07
682	1.9446e-07
683	2.03248e-07
684	1.95175e-07
685	2.03906e-07
686	1.91356e-07
687	1.99357e-07
688	1.89465e-07
689	1.97853e-07
690	1.87347e-07
691	1.95845e-07
692	1.85622e-07
693	1.93808e-07
694	1.77324e-07
695	1.85854e-07
696	1.80772e-07
697	1.88538e-07
698	1.77556e-07
699	1.87664e-07
700	1.76477e-07
701	1.85244e-07
702	1.6948e-07
703	1.78646e-07
704	1.69197e-07
705	1.7774e-07
706	1.64049e-07
707	1.72391e-07
708	1.61349e-07
709	1.69656e-07
710	1.58442e-07
711	1.66165e-07
712	1.56861e-07
713	1.64111e-07
714	1.47871e-07
715	1.56341e-07
716	1.79771e-07
717	1.73234e-07
718	1.48214e-07
719	1.69965e-07
720	1.57465e-07
721	1.63913e-07
722	1.52157e-07
723	1.59483e-07
724	1.53542e-07
725	1.62837e-07
726	1.48107e-07
727	1.60156e-07
728	1.46846e-07
729	1.5934e-07
730	1.45431e-07
731	1.56572e-07
732	1.462e-07
733	1.55186e-07
734	1.39016e-07
735	1.48253e-07
736	1.44316e-07
737	1.52199e-07
738	1.42032e-07
739	1.53866e-07
740	1.4422e-07
741	1.5473e-07
742	1.40329e-07
743	1.52555e-07
744	1.44371e-07
745	1.55627e-07
746	1.43423e-07
747	1.53527e-07
748	1.44813e-07
749	1.55203e-07
750	1.45359e-07
751	1.5508e-07
752	1.4634e-07
753	1.55451e-07
754	1.40114e-07
755	1.49315e-07
756	1.45687e-07
757	1.54628e-07
758	1.44778e-07
759	1.57015e-07
760	1.4692e-07
761	1.57442e-07
762	1.42959e-07
763	1.53763e-07
764	1.45799e-07
765	1.55697e-07
766	1.43664e-07
767	1.53593e-07
768	1.44045e-07
769	1.5408e-07
770	1.43908e-07
771	1.53273e-07
772	1.44325e-07
773	1.5324e-07
774	1.37642e-07
775	1.47043e-07
776	1.42804e-07
777	1.51787e-07
778	1.41916e-07
779	1.53569e-07
780	1.43563e-07
781	1.53936e-07
782	1.39639e-07
783	1.50868e-07
784	1.42682e-07
785	1.52331e-07
786	1.40414e-07
787	1.4973e-07
788	1.39607e-07
789	1.49003e-07
790	1.38739e-07
791	1.4797e-07
792	1.38121e-07
793	1.47111e-07
794	1.30754e-07
795	1.39376e-07
796	1.34859e-07
797	1.43874e-07
798	1.3296e-07
799	1.4475e-07
800	1.33663e-07
801	1.44093e-07
802	1.29377e-07
803	1.40027e-07
804	1.31682e-07
805	1.4136e-07
806	1.28859e-07
807	1.38362e-07
808	1.28197e-07
809	1.38086e-07
810	1.27725e-07
811	1.37174e-07
812	1.2821e-07
813	1.37013e-07
814	1.21442e-07
815	1.30749e-07
816	1.26117e-07
817	1.35434e-07
818	1.25249e-07
819	1.37054e-07
820	1.26674e-07
821	1.37175e-07
822	1.22796e-07
823	1.34082e-07
824	1.25987e-07
825	1.35799e-07
826	1.23873e-07
827	1.33274e-07
828	1.23301e-07
829	1.33305e-07
830	1.23024e-07
831	1.32975e-07
832	1.23632e-07
833	1.32317e-07
834	1.16949e-07
835	1.57143e-07
836	1.56666e-07
837	1.35668e-07
838	1.32162e-07
839	1.44129e-07
840	1.26187e-07
841	1.39115e-07
842	1.23355e-07
843	1.34716e-07
844	1.25545e-07
845	1.35745e-07
846	1.22426e-07
847	1.33541e-07
848	1.22328e-07
849	1.34175e-07
850	1.21942e-07
851	1.33506e-07
852	1.23167e-07
853	1.3298e-07
854	1.17144e-07
855	1.2598e-07
856	1.51794e-07
857	1.45062e-07
858	1.20817e-07
859	1.44219e-07
860	1.32058e-07
861	1.3923e-07
862	1.2782e-07
863	1.35775e-07
864	1.29376e-07
865	1.39653e-07
866	1.25391e-07
867	1.38934e-07
868	1.25801e-07
869	1.39681e-07
870	1.25745e-07
871	1.37946e-07
872	1.28138e-07
873	1.38195e-07
874	1.23326e-07
875	1.33606e-07
876	1.30123e-07
877	1.39685e-07
878	1.30425e-07
879	1.43851e-07
880	1.33743e-07
881	1.44768e-07
882	1.30837e-07
883	1.42879e-07
884	1.34627e-07
885	1.45317e-07
886	1.32942e-07
887	1.43192e-07
888	1.33166e-07
889	1.43614e-07
890	1.34113e-07
891	1.44007e-07
892	1.35845e-07
893	1.45109e-07
894	1.3068e-07
895	1.40276e-07
896	1.36585e-07
897	1.45966e-07
898	1.36469e-07
899	1.48499e-07
900	1.38255e-07
901	1.48908e-07
902	1.34342e-07
903	1.45698e-07
904	1.38161e-07
905	1.48552e-07
906	1.36901e-07
907	1.46712e-07
908	1.37591e-07
909	1.4773e-07
910	1.37928e-07
911	1.47126e-07
912	1.38209e-07
913	1.46852e-07
914	1.31084e-07
915	1.40095e-07
916	1.35443e-07
917	1.45117e-07
918	1.35274e-07
919	1.48194e-07
920	1.37904e-07
921	1.49275e-07
922	1.34907e-07
923	1.46307e-07
924	1.38003e-07
925	1.47818e-07
926	1.35539e-07
927	1.45179e-07
928	1.34732e-07
929	1.44185e-07
930	1.34349e-07
931	1.43663e-07
932	1.34062e-07
933	1.42544e-07
934	1.27125e-07
935	1.3667e-07
936	1.31891e-07
937	1.41656e-07
938	1.3141e-07
939	1.43646e-07
940	1.33384e-07
941	1.43761e-07
942	1.29315e-07
943	1.4054e-07
944	1.31167e-07
945	1.41398e-07
946	1.28261e-07
947	1.37875e-07
948	1.27567e-07
949	1.37854e-07
950	1.27264e-07
951	1.37244e-07
952	1.28189e-07
953	1.37837e-07
954	1.22318e-07
955	1.31628e-07
956	1.27553e-07
957	1.36955e-07
958	1.26968e-07
959	1.39273e-07
960	1.28752e-07
961	1.39202e-07
962	1.24921e-07
963	1.35676e-07
964	1.28305e-07
965	1.37968e-07
966	1.26422e-07
967	1.36e-07
968	1.25855e-07
969	1.36028e-07
970	1.25517e-07
971	1.34967e-07
972	1.25635e-07
973	1.34192e-07
974	1.18183e-07
975	1.58785e-07
976	1.57554e-07
977	1.3691e-07
978	1.33013e-07
979	1.45665e-07
980	1.27572e-07
981	1.40322e-07
982	1.24963e-07
983	1.35942e-07
984	1.27347e-07
985	1.37512e-07
986	1.24647e-07
987	1.35756e-07
988	1.24886e-07
989	1.36552e-07
990	1.24662e-07
991	1.36046e-07
992	1.25997e-07
993	1.3532e-07
994	1.19578e-07
995	1.28588e-07
996	1.54257e-07
997	1.47709e-07
998	1.23289e-07
999	1.46669e-07
1000	1.34084e-07
1001	1.41612e-07
1002	1.29869e-07
1003	1.37801e-07
1004	1.31375e-07
1005	1.41492e-07
1006	1.27248e-07
1007	1.40734e-07
1008	1.27213e-07
1009	1.41413e-07
1010	1.27204e-07
1011	1.39685e-07
1012	1.2938e-07
1013	1.39612e-07
1014	1.24361e-07
1015	1.34044e-07
1016	1.30853e-07
1017	1.39849e-07
1018	1.30133e-07
1019	1.4299e-07
1020	1.3241e-07
1021	1.43399e-07
1022	1.28595e-07
1023	1.4035e-07
1024	1.32384e-07
1025	1.43169e-07
1026	1.31121e-07
1027	1.41744e-07
1028	1.32147e-07
1029	1.43241e-07
1030	1.33508e-07
1031	1.43111e-07
1032	1.35553e-07
1033	1.44992e-07
1034	1.30439e-07
1035	1.40706e-07
1036	1.36777e-07
1037	1.46914e-07
1038	1.36886e-07
1039	1.49709e-07
1040	1.39015e-07
1041	1.50278e-07
1042	1.35342e-07
1043	1.47224e-07
1044	1.38654e-07
1045	1.48575e-07
1046	1.36359e-07
1047	1.45574e-07
1048	1.35995e-07
1049	1.46118e-07
1050	1.36362e-07
1051	1.46557e-07
1052	1.37722e-07
1053	1.46517e-07
1054	1.31537e-07
1055	1.40026e-07
1056	1.35664e-07
1057	1.45031e-07
1058	1.35863e-07
1059	1.48799e-07
1060	1.38891e-07
1061	1.50175e-07
1062	1.3637e-07
1063	1.47838e-07
1064	1.39969e-07
1065	1.49734e-07
1066	1.37363e-07
1067	1.46322e-07
1068	1.35886e-07
1069	1.45361e-07
1070	1.34979e-07
1071	1.44164e-07
1072	1.34711e-07
1073	1.43177e-07
1074	1.27505e-07
1075	1.3669e-07
1076	1.31877e-07
1077	1.41423e-07
1078	1.31254e-07
1079	1.43832e-07
1080	1.33079e-07
1081	1.43492e-07
1082	1.29056e-07
1083	1.40086e-07
1084	1.31603e-07
1085	1.4126e-07
1086	1.29013e-07
1087	1.38551e-07
1088	1.27842e-07
1089	1.38067e-07
1090	1.27677e-07
1091	1.37741e-07
1092	1.28021e-07
1093	1.37903e-07
1094	1.22109e-07
1095	1.32152e-07
1096	1.27674e-07
1097	1.37386e-07
1098	1.27511e-07
1099	1.40128e-07
1100	1.29361e-07
1101	1.3996e-07
1102	1.25662e-07
1103	1.36711e-07
1104	1.28248e-07
1105	1.37965e-07
1106	1.25749e-07
1107	1.351e-07
1108	1.25622e-07
1109	1.35611e-07
1110	1.25641e-07
1111	1.35091e-07
1112	1.25963e-07
1113	1.34811e-07
1114	1.18959e-07
1115	1.60359e-07
1116	1.58857e-07
1117	1.38018e-07
1118	1.34308e-07
1119	1.46986e-07
1120	1.29048e-07
1121	1.41911e-07
1122	1.26647e-07
1123	1.37931e-07
1124	1.29595e-07
1125	1.39681e-07
1126	1.26912e-07
1127	1.37157e-07
1128	1.2585e-07
1129	1.37264e-07
1130	1.25064e-07
1131	1.36541e-07
1132	1.26604e-07
1133	1.35873e-07
1134	1.20393e-07
1135	1.29139e-07
1136	1.54986e-07
1137	1.48256e-07
1138	1.23513e-07
1139	1.46818e-07
1140	1.33942e-07
1141	1.41601e-07
1142	1.29999e-07
1143	1.38149e-07
1144	1.31296e-07
1145	1.41287e-07
1146	1.26988e-07
1147	1.40856e-07
1148	1.27049e-07
1149	1.4093e-07
1150	1.26956e-07
1151	1.39197e-07
1152	1.29359e-07
1153	1.39382e-07
1154	1.24839e-07
1155	1.344e-07
1156	1.31375e-07
1157	1.39916e-07
1158	1.30431e-07
1159	1.42712e-07
1160	1.32162e-07
1161	1.42929e-07
1162	1.28224e-07
1163	1.40122e-07
1164	1.32806e-07
1165	1.44105e-07
1166	1.3209e-07
1167	1.43053e-07
1168	1.33383e-07
1169	1.44536e-07
1170	1.34265e-07
1171	1.44323e-07
1172	1.35959e-07
1173	1.45708e-07
1174	1.30798e-07
1175	1.41395e-07
1176	1.37141e-07
1177	1.47701e-07
1178	1.37771e-07
1179	1.50613e-07
1180	1.40627e-07
1181	1.51423e-07
1182	1.37048e-07
1183	1.48182e-07
1184	1.40201e-07
1185	1.5011e-07
1186	1.38503e-07
1187	1.47809e-07
1188	1.39053e-07
1189	1.49045e-07
1190	1.39595e-07
1191	1.49009e-07
1192	1.39926e-07
1193	1.48526e-07
1194	1.32742e-07
1195	1.41567e-07
1196	1.36788e-07
1197	1.45757e-07
1198	1.35549e-07
1199	1.48151e-07
1200	1.37406e-07
1201	1.48679e-07
1202	1.34401e-07
1203	1.45711e-07
1204	1.37949e-07
1205	1.47715e-07
1206	1.35698e-07
1207	1.45184e-07
1208	1.346e-07
1209	1.44873e-07
1210	1.3423e-07
1211	1.44068e-07
1212	1.34468e-07
1213	1.43493e-07
1214	1.27608e-07
1215	1.37107e-07
1216	1.32117e-07
1217	1.42026e-07
1218	1.3181e-07
1219	1.44435e-07
1220	1.34005e-07
1221	1.44317e-07
1222	1.29733e-07
1223	1.40133e-07
1224	1.31224e-07
1225	1.40833e-07
1226	1.28124e-07
1227	1.37832e-07
1228	1.28002e-07
1229	1.38181e-07
1230	1.27854e-07
1231	1.3795e-07
1232	1.28315e-07
1233	1.37812e-07
1234	1.22262e-07
1235	1.32076e-07
1236	1.27952e-07
1237	1.37484e-07
1238	1.27852e-07
1239	1.3967e-07
1240	1.29323e-07
1241	1.39818e-07
1242	1.2566e-07
1243	1.36708e-07
1244	1.28488e-07
1245	1.38413e-07
1246	1.26587e-07
1247	1.3655e-07
1248	1.26559e-07
1249	1.36174e-07
1250	1.26628e-07
1251	1.36107e-07
1252	1.27169e-07
1253	1.35532e-07
1254	1.20031e-07
1255	1.28815e-07
1256	1.53275e-07
1257	1.47209e-07
1258	1.22256e-07
1259	1.4529e-07
1260	1.32305e-07
1261	1.39549e-07
1262	1.28403e-07
1263	1.36816e-07
1264	1.31026e-07
1265	1.40819e-07
1266	1.27408e-07
1267	1.40017e-07
1268	1.26079e-07
1269	1.39245e-07
1270	1.25329e-07
1271	1.37259e-07
1272	1.26981e-07
1273	1.36713e-07
1274	1.21461e-07
1275	1.30539e-07
1276	1.27287e-07
1277	1.36178e-07
1278	1.26758e-07
1279	1.39701e-07
1280	1.29977e-07
1281	1.41376e-07
1282	1.27311e-07
1283	1.39353e-07
1284	1.32026e-07
1285	1.42858e-07
1286	1.30949e-07
1287	1.41266e-07
1288	1.31277e-07
1289	1.42361e-07
1290	1.32149e-07
1291	1.42415e-07
1292	1.33705e-07
1293	1.43191e-07
1294	1.28069e-07
1295	1.38289e-07
1296	1.3395e-07
1297	1.44514e-07
1298	1.34481e-07
1299	1.47926e-07
1300	1.3747e-07
1301	1.48193e-07
1302	1.33711e-07
1303	1.44603e-07
1304	1.36059e-07
1305	1.458e-07
1306	1.33514e-07
1307	1.43047e-07
1308	1.333e-07
1309	1.4323e-07
1310	1.33635e-07
1311	1.43029e-07
1312	1.34768e-07
1313	1.43582e-07
1314	1.285e-07
1315	1.37486e-07
1316	1.32976e-07
1317	1.42613e-07
1318	1.3233e-07
1319	1.45163e-07
1320	1.34428e-07
1321	1.45695e-07
1322	1.3155e-07
1323	1.43187e-07
1324	1.35192e-07
1325	1.45165e-07
1326	1.32773e-07
1327	1.4202e-07
1328	1.31611e-07
1329	1.41379e-07
1330	1.30715e-07
1331	1.39899e-07
1332	1.30417e-07
1333	1.39132e-07
1334	1.23315e-07
1335	1.32355e-07
1336	1.27614e-07
1337	1.37332e-07
1338	1.27292e-07
1339	1.39841e-07
1340	1.2946e-07
1341	1.40482e-07
1342	1.26225e-07
1343	1.37711e-07
1344	1.29376e-07
1345	1.39194e-07
1346	1.26572e-07
1347	1.35535e-07
1348	1.25366e-07
1349	1.35184e-07
1350	1.2488e-07
1351	1.34816e-07
1352	1.25321e-07
1353	1.34708e-07
1354	1.18858e-07
1355	1.28123e-07
1356	1.24031e-07
1357	1.33366e-07
1358	1.23652e-07
1359	1.36027e-07
1360	1.25575e-07
1361	1.36363e-07
1362	1.22174e-07
1363	1.33325e-07
1364	1.2563e-07
1365	1.3561e-07
1366	1.23782e-07
1367	1.33393e-07
1368	1.23904e-07
1369	1.34033e-07
1370	1.23991e-07
1371	1.33437e-07
1372	1.24536e-07
1373	1.33251e-07
1374	1.17599e-07
1375	1.26688e-07
1376	1.5102e-07
1377	1.45039e-07
1378	1.20099e-07
1379	1.43072e-07
1380	1.30244e-07
1381	1.37514e-07
1382	1.26061e-07
1383	1.34599e-07
1384	1.28833e-07
1385	1.38953e-07
1386	1.24891e-07
1387	1.37454e-07
1388	1.23557e-07
1389	1.36697e-07
1390	1.2303e-07
1391	1.35496e-07
1392	1.25421e-07
1393	1.35001e-07
1394	1.20478e-07
1395	1.29553e-07
1396	1.26444e-07
1397	1.34847e-07
1398	1.25452e-07
1399	1.37792e-07
1400	1.27573e-07
1401	1.38841e-07
1402	1.24377e-07
1403	1.3673e-07
1404	1.28881e-07
1405	1.40534e-07
1406	1.28217e-07
1407	1.3896e-07
1408	1.29444e-07
1409	1.40596e-07
1410	1.30637e-07
1411	1.40709e-07
1412	1.32807e-07
1413	1.42261e-07
1414	1.27636e-07
1415	1.37841e-07
1416	1.3366e-07
1417	1.44062e-07
1418	1.3434e-07
1419	1.4713e-07
1420	1.36777e-07
1421	1.47516e-07
1422	1.33029e-07
1423	1.44013e-07
1424	1.36033e-07
1425	1.45582e-07
1426	1.33411e-07
1427	1.42577e-07
1428	1.32906e-07
1429	1.42994e-07
1430	1.33211e-07
1431	1.43395e-07
1432	1.34105e-07
1433	1.43263e-07
1434	1.27553e-07
1435	1.36216e-07
1436	1.32463e-07
1437	1.41412e-07
1438	1.31531e-07
1439	1.43946e-07
1440	1.33299e-07
1441	1.44359e-07
1442	1.29992e-07
1443	1.41742e-07
1444	1.33972e-07
1445	1.44276e-07
1446	1.32388e-07
1447	1.42023e-07
1448	1.32607e-07
1449	1.42437e-07
1450	1.32048e-07
1451	1.41119e-07
1452	1.31461e-07
1453	1.402e-07
1454	1.24212e-07
1455	1.33431e-07
1456	1.28656e-07
1457	1.37993e-07
1458	1.28067e-07
1459	1.40378e-07
1460	1.30327e-07
1461	1.40767e-07
1462	1.26421e-07
1463	1.37246e-07
1464	1.2862e-07
1465	1.38741e-07
1466	1.26171e-07
1467	1.35614e-07
1468	1.25818e-07
1469	1.35977e-07
1470	1.25713e-07
1471	1.35673e-07
1472	1.25997e-07
1473	1.35445e-07
1474	1.19522e-07
1475	1.29225e-07
1476	1.24983e-07
1477	1.34689e-07
1478	1.24608e-07
1479	1.37449e-07
1480	1.26621e-07
1481	1.37334e-07
1482	1.23266e-07
1483	1.34223e-07
1484	1.25605e-07
1485	1.34912e-07
1486	1.22863e-07
1487	1.32398e-07
1488	1.22188e-07
1489	1.32041e-07
1490	1.22697e-07
1491	1.32497e-07
1492	1.23228e-07
1493	1.32341e-07
1494	1.16551e-07
1495	1.56859e-07
1496	1.56277e-07
1497	1.35458e-07
1498	1.31925e-07
1499	1.44311e-07
1500	1.26634e-07
1501	1.39175e-07
1502	1.23736e-07
1503	1.34836e-07
1504	1.2678e-07
1505	1.37129e-07
1506	1.2448e-07
1507	1.35379e-07
1508	1.24477e-07
1509	1.36296e-07
1510	1.24237e-07
1511	1.35245e-07
1512	1.25572e-07
1513	1.34852e-07
1514	1.19147e-07
1515	1.28414e-07
1516	1.24212e-07
1517	1.33569e-07
1518	1.23954e-07
1519	1.36793e-07
1520	1.26443e-07
1521	1.37722e-07
1522	1.23426e-07
1523	1.3498e-07
1524	1.26833e-07
1525	1.37153e-07
1526	1.24584e-07
1527	1.34922e-07
1528	1.24599e-07
1529	1.35345e-07
1530	1.24821e-07
1531	1.35147e-07
1532	1.2574e-07
1533	1.35139e-07
1534	1.19469e-07
1535	1.29651e-07
1536	1.24683e-07
1537	1.34951e-07
1538	1.24967e-07
1539	1.37803e-07
1540	1.27531e-07
1541	1.38379e-07
1542	1.23964e-07
1543	1.34942e-07
1544	1.2656e-07
1545	1.36153e-07
1546	1.23738e-07
1547	1.32739e-07
1548	1.21978e-07
1549	1.31573e-07
1550	1.21717e-07
1551	1.32027e-07
1552	1.22803e-07
1553	1.32031e-07
1554	1.17426e-07
1555	1.26224e-07
1556	1.52044e-07
1557	1.45294e-07
1558	1.21461e-07
1559	1.44395e-07
1560	1.32025e-07
1561	1.39579e-07
1562	1.2863e-07
1563	1.36924e-07
1564	1.31585e-07
1565	1.418e-07
1566	1.27778e-07
1567	1.40386e-07
1568	1.2717e-07
1569	1.40384e-07
1570	1.26645e-07
1571	1.38143e-07
1572	1.28241e-07
1573	1.37874e-07
1574	1.22443e-07
1575	1.31601e-07
1576	1.28148e-07
1577	1.36552e-07
1578	1.26922e-07
1579	1.39349e-07
1580	1.29413e-07
1581	1.40515e-07
1582	1.26435e-07
1583	1.38758e-07
1584	1.31324e-07
1585	1.42499e-07
1586	1.30642e-07
1587	1.41365e-07
1588	1.31853e-07
1589	1.42681e-07
1590	1.32947e-07
1591	1.42763e-07
1592	1.34866e-07
1593	1.44035e-07
1594	1.29348e-07
1595	1.39794e-07
1596	1.35271e-07
1597	1.45893e-07
1598	1.35811e-07
1599	1.49179e-07
1600	1.38807e-07
1601	1.49847e-07
1602	1.35176e-07
1603	1.46253e-07
1604	1.37887e-07
1605	1.47653e-07
1606	1.35041e-07
1607	1.44301e-07
1608	1.3406e-07
1609	1.4399e-07
1610	1.34287e-07
1611	1.44465e-07
1612	1.35479e-07
1613	1.44267e-07
1614	1.2955e-07
1615	1.38408e-07
1616	1.34308e-07
1617	1.43266e-07
1618	1.33155e-07
1619	1.44789e-07
1620	1.34213e-07
1621	1.45172e-07
1622	1.30642e-07
1623	1.4173e-07
1624	1.34166e-07
1625	1.44441e-07
1626	1.32563e-07
1627	1.42368e-07
1628	1.32314e-07
1629	1.42296e-07
1630	1.31856e-07
1631	1.40941e-07
1632	1.31648e-07
1633	1.40128e-07
1634	1.24375e-07
1635	1.3345e-07
1636	1.28594e-07
1637	1.38166e-07
1638	1.28023e-07
1639	1.40632e-07
1640	1.30278e-07
1641	1.41061e-07
1642	1.26642e-07
1643	1.3752e-07
1644	1.29274e-07
1645	1.38846e-07
1646	1.26405e-07
1647	1.35661e-07
1648	1.25636e-07
1649	1.35643e-07
1650	1.25199e-07
1651	1.35146e-07
1652	1.25285e-07
1653	1.34741e-07
1654	1.18889e-07
1655	1.28951e-07
1656	1.24359e-07
1657	1.34373e-07
1658	1.24596e-07
1659	1.37755e-07
1660	1.26934e-07
1661	1.37749e-07
1662	1.23861e-07
1663	1.34769e-07
1664	1.2645e-07
1665	1.35977e-07
1666	1.23677e-07
1667	1.32937e-07
1668	1.22168e-07
1669	1.31876e-07
1670	1.22108e-07
1671	1.31818e-07
1672	1.22774e-07
1673	1.31536e-07
1674	1.16361e-07
1675	1.56575e-07
1676	1.56133e-07
1677	1.35153e-07
1678	1.31644e-07
1679	1.4403e-07
1680	1.25997e-07
1681	1.38758e-07
1682	1.22968e-07
1683	1.33975e-07
1684	1.25361e-07
1685	1.35963e-07
1686	1.22534e-07
1687	1.33665e-07
1688	1.2251e-07
1689	1.3415e-07
1690	1.21851e-07
1691	1.33687e-07
1692	1.23174e-07
1693	1.33218e-07
1694	1.17504e-07
1695	1.26571e-07
1696	1.52462e-07
1697	1.45566e-07
1698	1.21418e-07
1699	1.44833e-07
1700	1.32546e-07
1701	1.39944e-07
1702	1.28426e-07
1703	1.36274e-07
1704	1.29661e-07
1705	1.39652e-07
1706	1.25165e-07
1707	1.3867e-07
1708	1.25364e-07
1709	1.39417e-07
1710	1.25499e-07
1711	1.37747e-07
1712	1.28108e-07
1713	1.38157e-07
1714	1.23445e-07
1715	1.33793e-07
1716	1.30531e-07
1717	1.40332e-07
1718	1.30972e-07
1719	1.44221e-07
1720	1.34133e-07
1721	1.45535e-07
1722	1.31199e-07
1723	1.4339e-07
1724	1.34994e-07
1725	1.45501e-07
1726	1.32774e-07
1727	1.42529e-07
1728	1.32461e-07
1729	1.43081e-07
1730	1.33357e-07
1731	1.43481e-07
1732	1.3535e-07
1733	1.44817e-07
1734	1.30113e-07
1735	1.39525e-07
1736	1.36154e-07
1737	1.45553e-07
1738	1.36054e-07
1739	1.48272e-07
1740	1.38377e-07
1741	1.49013e-07
1742	1.34872e-07
1743	1.4623e-07
1744	1.38517e-07
1745	1.48827e-07
1746	1.37355e-07
1747	1.47535e-07
1748	1.38118e-07
1749	1.48112e-07
1750	1.38165e-07
1751	1.47595e-07
1752	1.38226e-07
1753	1.46787e-07
1754	1.31085e-07
1755	1.40065e-07
1756	1.35303e-07
1757	1.4494e-07
1758	1.35029e-07
1759	1.4814e-07
1760	1.37797e-07
1761	1.491e-07
1762	1.34845e-07
1763	1.45932e-07
1764	1.3823e-07
1765	1.48002e-07
1766	1.35987e-07
1767	1.45572e-07
1768	1.35445e-07
1769	1.45555e-07
1770	1.35158e-07
1771	1.44433e-07
1772	1.35244e-07
1773	1.44027e-07
1774	1.28316e-07
1775	1.38227e-07
1776	1.32913e-07
1777	1.43117e-07
1778	1.33061e-07
1779	1.46141e-07
1780	1.35563e-07
1781	1.46135e-07
1782	1.31959e-07
1783	1.42798e-07
1784	1.33823e-07
1785	1.4319e-07
1786	1.30174e-07
1787	1.39148e-07
1788	1.28188e-07
1789	1.378e-07
1790	1.27487e-07
1791	1.3762e-07
1792	1.28011e-07
1793	1.37481e-07
1794	1.22163e-07
1795	1.31796e-07
1796	1.27476e-07
1797	1.36809e-07
1798	1.26762e-07
1799	1.38702e-07
1800	1.28029e-07
1801	1.38696e-07
1802	1.24053e-07
1803	1.34684e-07
1804	1.2702e-07
1805	1.37066e-07
1806	1.24927e-07
1807	1.34715e-07
1808	1.24626e-07
1809	1.34667e-07
1810	1.24281e-07
1811	1.33786e-07
1812	1.24766e-07
1813	1.33643e-07
1814	1.18193e-07
1815	1.27248e-07
1816	1.52101e-07
1817	1.4576e-07
1818	1.21787e-07
1819	1.45399e-07
1820	1.33218e-07
1821	1.40475e-07
1822	1.29691e-07
1823	1.37943e-07
1824	1.32064e-07
1825	1.42235e-07
1826	1.28529e-07
1827	1.40906e-07
1828	1.27497e-07
1829	1.40018e-07
1830	1.26286e-07
1831	1.38037e-07
1832	1.26997e-07
1833	1.36529e-07
1834	1.2082e-07
1835	1.30332e-07
1836	1.26274e-07
1837	1.35099e-07
1838	1.25764e-07
1839	1.38846e-07
1840	1.28716e-07
1841	1.40178e-07
1842	1.26259e-07
1843	1.38761e-07
1844	1.30742e-07
1845	1.4202e-07
1846	1.29818e-07
1847	1.40223e-07
1848	1.3082e-07
1849	1.41816e-07
1850	1.31891e-07
1851	1.42054e-07
1852	1.33943e-07
1853	1.43251e-07
1854	1.28258e-07
1855	1.38152e-07
1856	1.34074e-07
1857	1.44285e-07
1858	1.34248e-07
1859	1.47376e-07
1860	1.36715e-07
1861	1.47548e-07
1862	1.3286e-07
1863	1.43946e-07
1864	1.35867e-07
1865	1.45565e-07
1866	1.33583e-07
1867	1.42884e-07
1868	1.3289e-07
1869	1.43287e-07
1870	1.33176e-07
1871	1.42951e-07
1872	1.33941e-07
1873	1.43072e-07
1874	1.27517e-07
1875	1.36624e-07
1876	1.32351e-07
1877	1.41787e-07
1878	1.31553e-07
1879	1.4401e-07
1880	1.33075e-07
1881	1.44135e-07
1882	1.29869e-07
1883	1.41351e-07
1884	1.33342e-07
1885	1.43397e-07
1886	1.31079e-07
1887	1.40942e-07
1888	1.30915e-07
1889	1.40374e-07
1890	1.3017e-07
1891	1.39071e-07
1892	1.29963e-07
1893	1.38668e-07
1894	1.23314e-07
1895	1.32442e-07
1896	1.28039e-07
1897	1.37211e-07
1898	1.27042e-07
1899	1.38524e-07
1900	1.28391e-07
1901	1.38537e-07
1902	1.24463e-07
1903	1.35918e-07
1904	1.27389e-07
1905	1.37936e-07
1906	1.25605e-07
1907	1.35592e-07
1908	1.26015e-07
1909	1.3592e-07
1910	1.25308e-07
1911	1.34718e-07
1912	1.25501e-07
1913	1.34595e-07
1914	1.18842e-07
1915	1.28135e-07
1916	1.23657e-07
1917	1.33021e-07
1918	1.22754e-07
1919	1.35308e-07
1920	1.24578e-07
1921	1.35589e-07
1922	1.2116e-07
1923	1.31969e-07
1924	1.2434e-07
1925	1.33828e-07
1926	1.21995e-07
1927	1.31483e-07
1928	1.21167e-07
1929	1.31601e-07
1930	1.21271e-07
1931	1.30815e-07
1932	1.21915e-07
1933	1.30695e-07
1934	1.14961e-07
1935	1.55441e-07
1936	1.54576e-07
1937	1.33972e-07
1938	1.30479e-07
1939	1.43373e-07
1940	1.25263e-07
1941	1.38446e-07
1942	1.22942e-07
1943	1.34448e-07
1944	1.2592e-07
1945	1.36006e-07
1946	1.23016e-07
1947	1.33701e-07
1948	1.22443e-07
1949	1.34108e-07
1950	1.21857e-07
1951	1.33589e-07
1952	1.23152e-07
1953	1.3276e-07
1954	1.17082e-07
1955	1.26301e-07
1956	1.51124e-07
1957	1.45499e-07
1958	1.21191e-07
1959	1.45311e-07
1960	1.32921e-07
1961	1.40459e-07
1962	1.29027e-07
1963	1.36654e-07
1964	1.30044e-07
1965	1.39865e-07
1966	1.25267e-07
1967	1.38575e-07
1968	1.25303e-07
1969	1.39239e-07
1970	1.25506e-07
1971	1.37762e-07
1972	1.279e-07
1973	1.38032e-07
1974	1.2307e-07
1975	1.3272e-07
1976	1.30202e-07
1977	1.38961e-07
1978	1.29519e-07
1979	1.41904e-07
1980	1.31384e-07
1981	1.42323e-07
1982	1.27432e-07
1983	1.3951e-07
1984	1.31865e-07
1985	1.42831e-07
1986	1.31036e-07
1987	1.41771e-07
1988	1.32038e-07
1989	1.43166e-07
1990	1.33237e-07
1991	1.43732e-07
1992	1.35253e-07
1993	1.45053e-07
1994	1.30109e-07
1995	1.40516e-07
1996	1.36426e-07
1997	1.46968e-07
1998	1.37434e-07
1999	1.50604e-07
2000	1.40694e-07
