1	1
2	0.710091
3	0.399301
4	0.30135
5	0.288021
6	0.205818
7	0.163919
8	0.164995
9	0.152848
10	0.132924
11	0.12686
12	0.12392
13	0.118916
14	0.11355
15	0.109629
16	0.108229
17	0.106772
18	0.104113
19	0.100679
20	0.0975638
21	0.0949624
22	0.0924526
23	0.0897742
24	0.0864248
25	0.0823484
26	0.0779614
27	0.0733924
28	0.0686483
29	0.0633963
30	0.0578188
31	0.0523146
32	0.047267
33	0.0429425
34	0.0401816
35	0.0384602
36	0.0376669
37	0.037235
38	0.0374336
39	0.0376865
40	0.0383197
41	0.0389591
42	0.039803
43	0.0405726
44	0.0413402
45	0.0421587
46	0.0427862
47	0.043438
48	0.0439772
49	0.0444792
50	0.0449799
51	0.0454726
52	0.0459735
53	0.0467873
54	0.0477108
55	0.0488289
56	0.0496448
57	0.050828
58	0.0518487
59	0.0530023
60	0.0534906
61	0.0542417
62	0.0549538
63	0.0555235
64	0.0558507
65	0.0558068
66	0.0558235
67	0.0558338
68	0.0559495
69	0.0562867
70	0.0566538
71	0.0568926
72	0.0569555
73	0.0571468
74	0.0573543
75	0.0576011
76	0.0572829
77	0.0570673
78	0.0567423
79	0.0563082
80	0.0561794
81	0.0554637
82	0.0554566
83	0.0556419
84	0.0556954
85	0.0557716
86	0.0558279
87	0.0557295
88	0.0559145
89	0.0561492
90	0.0564592
91	0.0574002
92	0.0582379
93	0.0597675
94	0.0622571
95	0.0649233
96	0.0678464
97	0.0702406
98	0.0719264
99	0.072773
100	0.071982
101	0.0700896
102	0.0674533
103	0.0645183
104	0.0617341
105	0.0584934
106	0.0554716
107	0.0530242
108	0.0511813
109	0.0499581
110	0.0491554
111	0.0488687
112	0.0490092
113	0.0497829
114	0.0510464
115	0.0525394
116	0.0542435
117	0.0552416
118	0.0564367
119	0.0569371
120	0.0572775
121	0.0577328
122	0.0582427
123	0.0582188
124	0.0581705
125	0.0587212
126	0.0587696
127	0.0588389
128	0.0594255
129	0.0600586
130	0.0594578
131	0.0589117
132	0.0587
133	0.0586418
134	0.0588897
135	0.059398
136	0.0595812
137	0.0603687
138	0.060409
139	0.0618447
140	0.061653
141	0.0622492
142	0.0636649
143	0.0644123
144	0.065953
145	0.0666939
146	0.0672225
147	0.0681873
148	0.0681235
149	0.0671113
150	0.0658112
151	0.0643859
152	0.0628488
153	0.0615361
154	0.0601769
155	0.0594028
156	0.0590936
157	0.0589489
158	0.0588171
159	0.058302
160	0.0577056
161	0.0569927
162	0.0561869
163	0.0552284
164	0.0545472
165	0.0534566
166	0.0524946
167	0.0515596
168	0.0506699
169	0.0497674
170	0.0490726
171	0.047968
172	0.0475054
173	0.0465021
174	0.0454862
175	0.0434135
176	0.0405735
177	0.0372445
178	0.033955
179	0.030761
180	0.0279198
181	0.0255694
182	0.023798
183	0.022147
184	0.0209099
185	0.0197972
186	0.0186017
187	0.0179363
188	0.0173868
189	0.017118
190	0.0168413
191	0.0166344
192	0.016512
193	0.0164596
194	0.016373
195	0.0164522
196	0.0164783
197	0.0165442
198	0.0166271
199	0.0167229
200	0.0168127
201	0.016913
202	0.0170176
203	0.0171521
204	0.0173101
205	0.0174941
206	0.0176924
207	0.017912
208	0.0181283
209	0.0183513
210	0.0185711
211	0.0188045
212	0.0190415
213	0.0193027
214	0.0195919
215	0.0198973
216	0.0202128
217	0.0205376
218	0.0208547
219	0.021173
220	0.0214903
221	0.0218192
222	0.0221482
223	0.0224804
224	0.0228144
225	0.0231663
226	0.0235144
227	0.0238461
228	0.0241687
229	0.0244627
230	0.0247198
231	0.0249524
232	0.0251255
233	0.0252235
234	0.0253203
235	0.0252646
236	0.0252052
237	0.0251473
238	0.0248784
239	0.0246364
240	0.0242063
241	0.0242036
242	0.0239388
243	0.0233404
244	0.0225558
245	0.0218612
246	0.021013
247	0.0201026
248	0.0191626
249	0.0182573
250	0.0174173
251	0.0166783
252	0.0159343
253	0.0150069
254	0.0145603
255	0.0140098
256	0.0133477
257	0.0125993
258	0.0119177
259	0.0112571
260	0.010699
261	0.0101684
262	0.00970612
263	0.00934284
264	0.00907318
265	0.00882525
266	0.00862415
267	0.00838989
268	0.00823683
269	0.00803748
270	0.00773417
271	0.00767693
272	0.00742924
273	0.00720658
274	0.00709565
275	0.00697676
276	0.00680729
277	0.00674683
278	0.00664789
279	0.006519
280	0.00648646
281	0.00641929
282	0.00634328
283	0.00627802
284	0.00621322
285	0.00615507
286	0.0060872
287	0.00598949
288	0.00595374
289	0.00585661
290	0.00577888
291	0.00568675
292	0.00559091
293	0.0054641
294	0.005402
295	0.0053208
296	0.00516456
297	0.00499346
298	0.00485019
299	0.00471927
300	0.00459041
301	0.00439816
302	0.00423728
303	0.00408697
304	0.00394732
305	0.00381658
306	0.00368961
307	0.00357694
308	0.00344173
309	0.00336339
310	0.00323095
311	0.00313555
312	0.00305467
313	0.00298417
314	0.00291618
315	0.00284549
316	0.00274941
317	0.00268136
318	0.00261131
319	0.00258016
320	0.00252235
321	0.00244357
322	0.00235239
323	0.00229075
324	0.00220026
325	0.0021223
326	0.00204845
327	0.00197547
328	0.00190858
329	0.00184195
330	0.00178024
331	0.00172387
332	0.00167868
333	0.00162151
334	0.00158529
335	0.00153973
336	0.00148908
337	0.00144128
338	0.00142196
339	0.00138703
340	0.00136932
341	0.00133635
342	0.00131859
343	0.00128657
344	0.00125875
345	0.00123717
346	0.00121072
347	0.00118454
348	0.00117242
349	0.001153
350	0.00112219
351	0.00109222
352	0.00105706
353	0.00102766
354	0.000984121
355	0.000959873
356	0.000920878
357	0.000883885
358	0.000846898
359	0.00081277
360	0.00078587
361	0.000753853
362	0.000728134
363	0.000705095
364	0.000679542
365	0.000662031
366	0.000633003
367	0.000620013
368	0.000600211
369	0.00058804
370	0.000573353
371	0.000571863
372	0.000558763
373	0.000550354
374	0.000532698
375	0.000535197
376	0.000519679
377	0.000510824
378	0.000489799
379	0.000478153
380	0.000464559
381	0.000460208
382	0.000448473
383	0.000440103
384	0.000425908
385	0.00041568
386	0.00039617
387	0.000386214
388	0.000370336
389	0.000366528
390	0.000352895
391	0.000348123
392	0.000336477
393	0.000329873
394	0.000320301
395	0.000316884
396	0.000309721
397	0.000307301
398	0.00030008
399	0.00029851
400	0.000294955
401	0.000289492
402	0.000278613
403	0.000276268
404	0.000271437
405	0.000268864
406	0.00025983
407	0.000256942
408	0.000245186
409	0.00023936
410	0.000229544
411	0.000229092
412	0.000220623
413	0.0002166
414	0.000207362
415	0.000205262
416	0.00019876
417	0.000194194
418	0.000180935
419	0.000176659
420	0.000171212
421	0.000167792
422	0.000161305
423	0.000160848
424	0.000153163
425	0.00015071
426	0.00014484
427	0.000145916
428	0.000140703
429	0.000140027
430	0.00013378
431	0.000135871
432	0.000130581
433	0.000131486
434	0.000125955
435	0.00012662
436	0.000122505
437	0.000123404
438	0.000118514
439	0.000119551
440	0.000114827
441	0.000116588
442	0.000111168
443	0.000111527
444	0.000110157
445	0.000110134
446	0.000107571
447	0.000106355
448	0.000103376
449	0.000104626
450	0.000100847
451	0.000101748
452	9.80318e-05
453	9.89686e-05
454	9.47339e-05
455	9.63441e-05
456	9.2928e-05
457	9.50386e-05
458	9.22818e-05
459	9.46448e-05
460	9.10063e-05
461	9.25427e-05
462	8.79567e-05
463	9.00368e-05
464	8.59876e-05
465	8.77429e-05
466	8.38098e-05
467	8.53815e-05
468	8.1218e-05
469	8.29078e-05
470	7.88264e-05
471	8.04132e-05
472	7.63807e-05
473	7.7564e-05
474	7.30719e-05
475	7.46826e-05
476	7.07351e-05
477	7.23408e-05
478	6.82991e-05
479	6.99875e-05
480	6.61128e-05
481	6.72798e-05
482	6.30223e-05
483	6.48144e-05
484	6.0846e-05
485	6.30574e-05
486	6.01074e-05
487	6.1887e-05
488	5.87803e-05
489	6.06275e-05
490	5.7653e-05
491	6.01871e-05
492	5.75172e-05
493	5.96336e-05
494	5.61151e-05
495	5.84372e-05
496	5.54066e-05
497	5.78104e-05
498	5.47492e-05
499	5.70886e-05
500	5.41984e-05
501	5.61581e-05
502	5.28305e-05
503	5.51734e-05
504	5.23574e-05
505	5.47266e-05
506	5.17419e-05
507	5.37853e-05
508	5.06463e-05
509	5.32124e-05
510	5.01398e-05
511	5.24495e-05
512	4.9661e-05
513	5.19408e-05
514	4.84705e-05
515	5.09359e-05
516	4.809e-05
517	5.09857e-05
518	4.80149e-05
519	5.03456e-05
520	4.76739e-05
521	5.0365e-05
522	4.69642e-05
523	4.9946e-05
524	4.71372e-05
525	5.00738e-05
526	4.67451e-05
527	4.9159e-05
528	4.6141e-05
529	4.89414e-05
530	4.60732e-05
531	4.86533e-05
532	4.59872e-05
533	4.83958e-05
534	4.49157e-05
535	4.7397e-05
536	4.4571e-05
537	4.74456e-05
538	4.44058e-05
539	4.70236e-05
540	4.45976e-05
541	4.72526e-05
542	4.40342e-05
543	4.69368e-05
544	4.42074e-05
545	4.72689e-05
546	4.44329e-05
547	4.69224e-05
548	4.39106e-05
549	4.69176e-05
550	4.40768e-05
551	4.70339e-05
552	4.43464e-05
553	4.65561e-05
554	4.33065e-05
555	4.61693e-05
556	4.34529e-05
557	4.62126e-05
558	4.33718e-05
559	4.62068e-05
560	4.35999e-05
561	4.59299e-05
562	4.28516e-05
563	4.57615e-05
564	4.32026e-05
565	4.58608e-05
566	4.31461e-05
567	4.56677e-05
568	4.27807e-05
569	4.54835e-05
570	4.27097e-05
571	4.52963e-05
572	4.27577e-05
573	4.51209e-05
574	4.18087e-05
575	4.43875e-05
576	4.1649e-05
577	4.4545e-05
578	4.15729e-05
579	4.41808e-05
580	4.15387e-05
581	4.41666e-05
582	4.10043e-05
583	4.3686e-05
584	4.10583e-05
585	4.38327e-05
586	4.10976e-05
587	4.35591e-05
588	4.07034e-05
589	4.36081e-05
590	4.07715e-05
591	4.33752e-05
592	4.08545e-05
593	4.33424e-05
594	4.01401e-05
595	4.28381e-05
596	4.01915e-05
597	4.3144e-05
598	4.02018e-05
599	4.28611e-05
600	4.02821e-05
601	4.288e-05
602	3.97892e-05
603	4.2521e-05
604	3.99573e-05
605	4.26682e-05
606	3.98772e-05
607	4.22985e-05
608	3.94724e-05
609	4.23303e-05
610	3.9535e-05
611	4.21064e-05
612	3.9617e-05
613	4.21196e-05
614	3.88726e-05
615	4.15581e-05
616	3.89319e-05
617	4.19111e-05
618	3.89518e-05
619	4.16773e-05
620	3.91073e-05
621	4.18233e-05
622	3.86957e-05
623	4.14652e-05
624	3.88576e-05
625	4.16628e-05
626	3.88835e-05
627	4.13766e-05
628	3.85154e-05
629	4.14602e-05
630	3.8646e-05
631	4.13146e-05
632	3.88422e-05
633	4.14178e-05
634	3.8257e-05
635	4.10756e-05
636	3.84431e-05
637	4.13766e-05
638	3.86118e-05
639	4.16586e-05
640	3.90278e-05
641	4.14687e-05
642	3.84165e-05
643	4.1491e-05
644	3.88843e-05
645	4.15031e-05
646	3.88279e-05
647	4.15192e-05
648	3.86747e-05
649	4.13825e-05
650	3.87622e-05
651	4.16276e-05
652	3.90322e-05
653	4.13225e-05
654	3.81777e-05
655	4.11646e-05
656	3.85431e-05
657	4.13489e-05
658	3.85881e-05
659	4.15213e-05
660	3.89734e-05
661	4.14922e-05
662	3.84997e-05
663	4.14806e-05
664	3.88119e-05
665	4.13555e-05
666	3.8739e-05
667	4.14529e-05
668	3.85572e-05
669	4.11977e-05
670	3.85346e-05
671	4.13086e-05
672	3.88893e-05
673	4.13404e-05
674	3.82046e-05
675	4.0921e-05
676	3.82356e-05
677	4.11232e-05
678	3.8394e-05
679	4.12986e-05
680	3.86613e-05
681	4.10947e-05
682	3.80901e-05
683	4.10173e-05
684	3.83338e-05
685	4.09311e-05
686	3.83237e-05
687	4.09334e-05
688	3.80051e-05
689	4.07278e-05
690	3.8082e-05
691	4.07898e-05
692	3.82628e-05
693	4.07689e-05
694	3.7566e-05
695	4.02057e-05
696	3.75259e-05
697	4.0552e-05
698	3.77461e-05
699	4.0504e-05
700	3.79925e-05
701	4.07493e-05
702	3.76006e-05
703	4.02847e-05
704	3.76597e-05
705	4.05345e-05
706	3.78783e-05
707	4.03376e-05
708	3.74794e-05
709	4.03651e-05
710	3.75823e-05
711	4.01769e-05
712	3.77076e-05
713	4.02582e-05
714	3.70965e-05
715	3.97585e-05
716	3.55866e-05
717	4.17618e-05
718	3.79914e-05
719	3.95619e-05
720	3.89329e-05
721	4.05289e-05
722	3.7743e-05
723	4.01714e-05
724	3.79909e-05
725	4.06728e-05
726	3.81775e-05
727	4.04011e-05
728	3.76782e-05
729	4.05788e-05
730	3.7802e-05
731	4.04821e-05
732	3.79374e-05
733	4.06218e-05
734	3.73811e-05
735	4.02085e-05
736	3.75229e-05
737	4.05828e-05
738	3.76421e-05
739	4.04325e-05
740	3.79304e-05
741	4.06887e-05
742	3.75976e-05
743	4.04025e-05
744	3.79056e-05
745	4.08019e-05
746	3.80387e-05
747	4.05777e-05
748	3.77925e-05
749	4.0783e-05
750	3.80431e-05
751	4.07239e-05
752	3.83111e-05
753	4.09171e-05
754	3.77358e-05
755	4.04707e-05
756	3.791e-05
757	4.09544e-05
758	3.80836e-05
759	4.08706e-05
760	3.8407e-05
761	4.11835e-05
762	3.80677e-05
763	4.0817e-05
764	3.82897e-05
765	4.11286e-05
766	3.84185e-05
767	4.09267e-05
768	3.81545e-05
769	4.11316e-05
770	3.8317e-05
771	4.09491e-05
772	3.84856e-05
773	4.10414e-05
774	3.78554e-05
775	4.06118e-05
776	3.79882e-05
777	4.09977e-05
778	3.81175e-05
779	4.09995e-05
780	3.84727e-05
781	4.10364e-05
782	3.79854e-05
783	4.091e-05
784	3.82606e-05
785	4.0868e-05
786	3.81827e-05
787	4.0935e-05
788	3.79957e-05
789	4.06041e-05
790	3.78495e-05
791	4.07169e-05
792	3.82952e-05
793	4.08e-05
794	3.75497e-05
795	4.02613e-05
796	3.76634e-05
797	4.07288e-05
798	3.78259e-05
799	4.05527e-05
800	3.80469e-05
801	4.08292e-05
802	3.7696e-05
803	4.04229e-05
804	3.78797e-05
805	4.0773e-05
806	3.79753e-05
807	4.03739e-05
808	3.74914e-05
809	4.04649e-05
810	3.77234e-05
811	4.03945e-05
812	3.791e-05
813	4.04567e-05
814	3.72573e-05
815	3.99766e-05
816	3.73614e-05
817	4.04095e-05
818	3.75327e-05
819	4.02858e-05
820	3.77921e-05
821	4.05027e-05
822	3.73523e-05
823	4.01156e-05
824	3.75766e-05
825	4.04268e-05
826	3.76631e-05
827	4.01838e-05
828	3.73433e-05
829	4.01374e-05
830	3.745e-05
831	4.02741e-05
832	3.77234e-05
833	4.00546e-05
834	3.69304e-05
835	3.8402e-05
836	3.67306e-05
837	4.18674e-05
838	3.70137e-05
839	4.0278e-05
840	3.83056e-05
841	4.03292e-05
842	3.75418e-05
843	4.02888e-05
844	3.76677e-05
845	4.06072e-05
846	3.77299e-05
847	4.02199e-05
848	3.73678e-05
849	4.03047e-05
850	3.75621e-05
851	4.01354e-05
852	3.77101e-05
853	4.02938e-05
854	3.70965e-05
855	3.98142e-05
856	3.56456e-05
857	4.18067e-05
858	3.79263e-05
859	3.95291e-05
860	3.88342e-05
861	4.04722e-05
862	3.77152e-05
863	4.01518e-05
864	3.79781e-05
865	4.0623e-05
866	3.8103e-05
867	4.03463e-05
868	3.76485e-05
869	4.05082e-05
870	3.77448e-05
871	4.04263e-05
872	3.79161e-05
873	4.06142e-05
874	3.73422e-05
875	4.02282e-05
876	3.75627e-05
877	4.04933e-05
878	3.77002e-05
879	4.07477e-05
880	3.81187e-05
881	4.06062e-05
882	3.75491e-05
883	4.0666e-05
884	3.80982e-05
885	4.07928e-05
886	3.81449e-05
887	4.08496e-05
888	3.78872e-05
889	4.05531e-05
890	3.78442e-05
891	4.07905e-05
892	3.83822e-05
893	4.08341e-05
894	3.77437e-05
895	4.0621e-05
896	3.79295e-05
897	4.07318e-05
898	3.79729e-05
899	4.10087e-05
900	3.85195e-05
901	4.1141e-05
902	3.80653e-05
903	4.0884e-05
904	3.83192e-05
905	4.11718e-05
906	3.84572e-05
907	4.09516e-05
908	3.81253e-05
909	4.10867e-05
910	3.83398e-05
911	4.09618e-05
912	3.84708e-05
913	4.11012e-05
914	3.78785e-05
915	4.05901e-05
916	3.79562e-05
917	4.10301e-05
918	3.817e-05
919	4.10051e-05
920	3.8445e-05
921	4.10891e-05
922	3.80822e-05
923	4.10249e-05
924	3.83202e-05
925	4.08773e-05
926	3.82022e-05
927	4.09154e-05
928	3.79793e-05
929	4.0712e-05
930	3.8073e-05
931	4.0966e-05
932	3.83681e-05
933	4.06465e-05
934	3.74733e-05
935	4.04015e-05
936	3.77518e-05
937	4.06434e-05
938	3.78637e-05
939	4.08369e-05
940	3.81802e-05
941	4.06327e-05
942	3.76134e-05
943	4.05978e-05
944	3.79694e-05
945	4.06453e-05
946	3.79856e-05
947	4.05637e-05
948	3.76747e-05
949	4.05091e-05
950	3.78099e-05
951	4.05086e-05
952	3.80233e-05
953	4.0592e-05
954	3.73613e-05
955	4.0012e-05
956	3.73278e-05
957	4.04076e-05
958	3.76049e-05
959	4.04096e-05
960	3.78802e-05
961	4.05994e-05
962	3.74372e-05
963	4.01684e-05
964	3.75983e-05
965	4.04526e-05
966	3.77719e-05
967	4.02375e-05
968	3.73592e-05
969	4.02546e-05
970	3.75076e-05
971	4.01769e-05
972	3.77373e-05
973	4.02953e-05
974	3.70619e-05
975	3.81564e-05
976	3.65458e-05
977	4.20589e-05
978	3.72955e-05
979	4.0385e-05
980	3.84343e-05
981	4.04794e-05
982	3.75868e-05
983	4.02452e-05
984	3.75866e-05
985	4.05888e-05
986	3.78015e-05
987	4.03448e-05
988	3.74668e-05
989	4.03581e-05
990	3.75958e-05
991	4.01764e-05
992	3.77165e-05
993	4.0278e-05
994	3.7141e-05
995	3.99362e-05
996	3.57623e-05
997	4.18573e-05
998	3.79728e-05
999	3.96172e-05
1000	3.8929e-05
1001	4.05168e-05
1002	3.77271e-05
1003	4.01715e-05
1004	3.80003e-05
1005	4.06505e-05
1006	3.81233e-05
1007	4.0355e-05
1008	3.76123e-05
1009	4.04429e-05
1010	3.77567e-05
1011	4.04732e-05
1012	3.80012e-05
1013	4.06843e-05
1014	3.73348e-05
1015	4.01152e-05
1016	3.74296e-05
1017	4.05286e-05
1018	3.7691e-05
1019	4.05568e-05
1020	3.80754e-05
1021	4.08147e-05
1022	3.76511e-05
1023	4.0454e-05
1024	3.79133e-05
1025	4.0802e-05
1026	3.81026e-05
1027	4.06146e-05
1028	3.78219e-05
1029	4.08138e-05
1030	3.80118e-05
1031	4.06701e-05
1032	3.82561e-05
1033	4.08702e-05
1034	3.77198e-05
1035	4.04701e-05
1036	3.79081e-05
1037	4.09816e-05
1038	3.8127e-05
1039	4.09161e-05
1040	3.8416e-05
1041	4.11474e-05
1042	3.80956e-05
1043	4.08895e-05
1044	3.8393e-05
1045	4.12701e-05
1046	3.84683e-05
1047	4.09144e-05
1048	3.80461e-05
1049	4.09553e-05
1050	3.82728e-05
1051	4.10161e-05
1052	3.85571e-05
1053	4.10998e-05
1054	3.78436e-05
1055	4.05399e-05
1056	3.78899e-05
1057	4.0996e-05
1058	3.81698e-05
1059	4.09432e-05
1060	3.84244e-05
1061	4.11354e-05
1062	3.8064e-05
1063	4.08678e-05
1064	3.83566e-05
1065	4.11985e-05
1066	3.83895e-05
1067	4.0805e-05
1068	3.7927e-05
1069	4.08633e-05
1070	3.81078e-05
1071	4.08042e-05
1072	3.83703e-05
1073	4.08543e-05
1074	3.76379e-05
1075	4.03786e-05
1076	3.77465e-05
1077	4.06741e-05
1078	3.78874e-05
1079	4.08377e-05
1080	3.82349e-05
1081	4.06671e-05
1082	3.76039e-05
1083	4.06263e-05
1084	3.79919e-05
1085	4.05832e-05
1086	3.79291e-05
1087	4.06754e-05
1088	3.77092e-05
1089	4.03245e-05
1090	3.75953e-05
1091	4.04698e-05
1092	3.80611e-05
1093	4.0543e-05
1094	3.73776e-05
1095	4.01964e-05
1096	3.75009e-05
1097	4.03717e-05
1098	3.75962e-05
1099	4.05491e-05
1100	3.79205e-05
1101	4.04894e-05
1102	3.74359e-05
1103	4.03352e-05
1104	3.77278e-05
1105	4.04741e-05
1106	3.7753e-05
1107	4.02551e-05
1108	3.73991e-05
1109	4.03249e-05
1110	3.75367e-05
1111	4.01218e-05
1112	3.76168e-05
1113	4.02104e-05
1114	3.70735e-05
1115	3.82461e-05
1116	3.66478e-05
1117	4.21577e-05
1118	3.73137e-05
1119	4.03447e-05
1120	3.83359e-05
1121	4.04046e-05
1122	3.76078e-05
1123	4.03282e-05
1124	3.77101e-05
1125	4.06935e-05
1126	3.78599e-05
1127	4.03546e-05
1128	3.74482e-05
1129	4.03802e-05
1130	3.76347e-05
1131	4.0208e-05
1132	3.77914e-05
1133	4.03488e-05
1134	3.71506e-05
1135	3.98694e-05
1136	3.56647e-05
1137	4.1789e-05
1138	3.80062e-05
1139	3.96885e-05
1140	3.89817e-05
1141	4.04988e-05
1142	3.77085e-05
1143	4.02505e-05
1144	3.80509e-05
1145	4.0525e-05
1146	3.81031e-05
1147	4.05801e-05
1148	3.77069e-05
1149	4.02323e-05
1150	3.75424e-05
1151	4.05116e-05
1152	3.80025e-05
1153	4.05873e-05
1154	3.73453e-05
1155	4.03168e-05
1156	3.75566e-05
1157	4.03775e-05
1158	3.75776e-05
1159	4.06134e-05
1160	3.8107e-05
1161	4.0755e-05
1162	3.76676e-05
1163	4.05328e-05
1164	3.80029e-05
1165	4.08402e-05
1166	3.81215e-05
1167	4.0615e-05
1168	3.78128e-05
1169	4.08184e-05
1170	3.80629e-05
1171	4.07079e-05
1172	3.82698e-05
1173	4.09131e-05
1174	3.77837e-05
1175	4.05018e-05
1176	3.78931e-05
1177	4.10002e-05
1178	3.81321e-05
1179	4.09528e-05
1180	3.84533e-05
1181	4.12203e-05
1182	3.81158e-05
1183	4.08737e-05
1184	3.83227e-05
1185	4.12288e-05
1186	3.85037e-05
1187	4.09967e-05
1188	3.81821e-05
1189	4.11154e-05
1190	3.8327e-05
1191	4.09367e-05
1192	3.84899e-05
1193	4.11093e-05
1194	3.7875e-05
1195	4.0562e-05
1196	3.79463e-05
1197	4.09696e-05
1198	3.81392e-05
1199	4.09734e-05
1200	3.84889e-05
1201	4.12276e-05
1202	3.80438e-05
1203	4.07824e-05
1204	3.82212e-05
1205	4.11022e-05
1206	3.83761e-05
1207	4.08417e-05
1208	3.79595e-05
1209	4.08372e-05
1210	3.80716e-05
1211	4.07511e-05
1212	3.83355e-05
1213	4.08788e-05
1214	3.76276e-05
1215	4.02749e-05
1216	3.76235e-05
1217	4.06841e-05
1218	3.78639e-05
1219	4.06901e-05
1220	3.8195e-05
1221	4.0873e-05
1222	3.76915e-05
1223	4.03928e-05
1224	3.78253e-05
1225	4.07058e-05
1226	3.7981e-05
1227	4.04517e-05
1228	3.76436e-05
1229	4.05639e-05
1230	3.77873e-05
1231	4.03826e-05
1232	3.7911e-05
1233	4.05145e-05
1234	3.73508e-05
1235	4.00835e-05
1236	3.74771e-05
1237	4.04773e-05
1238	3.75551e-05
1239	4.03546e-05
1240	3.78299e-05
1241	4.05572e-05
1242	3.74426e-05
1243	4.02833e-05
1244	3.77245e-05
1245	4.04006e-05
1246	3.77406e-05
1247	4.04039e-05
1248	3.74422e-05
1249	4.01078e-05
1250	3.744e-05
1251	4.04264e-05
1252	3.78395e-05
1253	4.00579e-05
1254	3.68472e-05
1255	3.98051e-05
1256	3.56768e-05
1257	4.1703e-05
1258	3.79548e-05
1259	3.96831e-05
1260	3.89519e-05
1261	4.03433e-05
1262	3.76523e-05
1263	4.03458e-05
1264	3.80499e-05
1265	4.05087e-05
1266	3.80909e-05
1267	4.05482e-05
1268	3.76902e-05
1269	4.03497e-05
1270	3.76657e-05
1271	4.04586e-05
1272	3.78701e-05
1273	4.0499e-05
1274	3.71892e-05
1275	3.99737e-05
1276	3.7265e-05
1277	4.03676e-05
1278	3.75245e-05
1279	4.03612e-05
1280	3.78744e-05
1281	4.06264e-05
1282	3.74969e-05
1283	4.02721e-05
1284	3.77216e-05
1285	4.0665e-05
1286	3.79959e-05
1287	4.0495e-05
1288	3.76656e-05
1289	4.06219e-05
1290	3.78983e-05
1291	4.06003e-05
1292	3.82035e-05
1293	4.08079e-05
1294	3.76378e-05
1295	4.03187e-05
1296	3.76921e-05
1297	4.07886e-05
1298	3.80082e-05
1299	4.08883e-05
1300	3.84193e-05
1301	4.10955e-05
1302	3.79652e-05
1303	4.07112e-05
1304	3.81635e-05
1305	4.10436e-05
1306	3.83642e-05
1307	4.09043e-05
1308	3.8104e-05
1309	4.10018e-05
1310	3.82237e-05
1311	4.08586e-05
1312	3.84144e-05
1313	4.10187e-05
1314	3.78056e-05
1315	4.04783e-05
1316	3.79054e-05
1317	4.09986e-05
1318	3.81057e-05
1319	4.08526e-05
1320	3.83218e-05
1321	4.10659e-05
1322	3.79903e-05
1323	4.07891e-05
1324	3.82196e-05
1325	4.10384e-05
1326	3.83064e-05
1327	4.07659e-05
1328	3.7892e-05
1329	4.08031e-05
1330	3.80118e-05
1331	4.06692e-05
1332	3.82449e-05
1333	4.08056e-05
1334	3.75482e-05
1335	4.0201e-05
1336	3.75597e-05
1337	4.06679e-05
1338	3.78328e-05
1339	4.0605e-05
1340	3.80736e-05
1341	4.07632e-05
1342	3.76716e-05
1343	4.04547e-05
1344	3.79058e-05
1345	4.07687e-05
1346	3.79965e-05
1347	4.04152e-05
1348	3.7543e-05
1349	4.04726e-05
1350	3.77272e-05
1351	4.03996e-05
1352	3.79982e-05
1353	4.05551e-05
1354	3.72815e-05
1355	3.99468e-05
1356	3.73095e-05
1357	4.03682e-05
1358	3.75357e-05
1359	4.0303e-05
1360	3.77799e-05
1361	4.05111e-05
1362	3.73768e-05
1363	4.01072e-05
1364	3.75443e-05
1365	4.0419e-05
1366	3.77065e-05
1367	4.01691e-05
1368	3.73324e-05
1369	4.0259e-05
1370	3.74664e-05
1371	4.01525e-05
1372	3.77449e-05
1373	4.03022e-05
1374	3.70591e-05
1375	3.97024e-05
1376	3.55143e-05
1377	4.16981e-05
1378	3.79497e-05
1379	3.9568e-05
1380	3.89486e-05
1381	4.05147e-05
1382	3.76732e-05
1383	4.01166e-05
1384	3.79333e-05
1385	4.05825e-05
1386	3.8095e-05
1387	4.04255e-05
1388	3.76492e-05
1389	4.03375e-05
1390	3.76386e-05
1391	4.05322e-05
1392	3.78792e-05
1393	4.02768e-05
1394	3.70085e-05
1395	4.01242e-05
1396	3.74036e-05
1397	4.02066e-05
1398	3.73762e-05
1399	4.04072e-05
1400	3.78961e-05
1401	4.05255e-05
1402	3.74404e-05
1403	4.02901e-05
1404	3.77939e-05
1405	4.06745e-05
1406	3.79205e-05
1407	4.03728e-05
1408	3.75366e-05
1409	4.05682e-05
1410	3.79039e-05
1411	4.06365e-05
1412	3.82387e-05
1413	4.08321e-05
1414	3.76061e-05
1415	4.02771e-05
1416	3.76407e-05
1417	4.07614e-05
1418	3.8032e-05
1419	4.09041e-05
1420	3.8399e-05
1421	4.10685e-05
1422	3.79849e-05
1423	4.07526e-05
1424	3.82122e-05
1425	4.1106e-05
1426	3.83979e-05
1427	4.08508e-05
1428	3.8005e-05
1429	4.09314e-05
1430	3.82147e-05
1431	4.08776e-05
1432	3.8468e-05
1433	4.10665e-05
1434	3.78143e-05
1435	4.04777e-05
1436	3.78152e-05
1437	4.08927e-05
1438	3.80656e-05
1439	4.0844e-05
1440	3.83386e-05
1441	4.10873e-05
1442	3.79553e-05
1443	4.07303e-05
1444	3.8185e-05
1445	4.10403e-05
1446	3.82635e-05
1447	4.06978e-05
1448	3.785e-05
1449	4.07924e-05
1450	3.80221e-05
1451	4.06561e-05
1452	3.82281e-05
1453	4.07982e-05
1454	3.75721e-05
1455	4.02301e-05
1456	3.75842e-05
1457	4.06496e-05
1458	3.77835e-05
1459	4.05988e-05
1460	3.80728e-05
1461	4.07415e-05
1462	3.76202e-05
1463	4.04088e-05
1464	3.78803e-05
1465	4.07611e-05
1466	3.79477e-05
1467	4.03987e-05
1468	3.75592e-05
1469	4.04793e-05
1470	3.773e-05
1471	4.0385e-05
1472	3.79672e-05
1473	4.0524e-05
1474	3.72951e-05
1475	4.00361e-05
1476	3.74192e-05
1477	4.03115e-05
1478	3.75234e-05
1479	4.04792e-05
1480	3.78523e-05
1481	4.03439e-05
1482	3.73212e-05
1483	4.03675e-05
1484	3.771e-05
1485	4.03341e-05
1486	3.76659e-05
1487	4.03322e-05
1488	3.7392e-05
1489	4.01829e-05
1490	3.74761e-05
1491	4.02594e-05
1492	3.77768e-05
1493	4.02837e-05
1494	3.70482e-05
1495	3.81582e-05
1496	3.65748e-05
1497	4.20965e-05
1498	3.72881e-05
1499	4.03333e-05
1500	3.83901e-05
1501	4.04675e-05
1502	3.75881e-05
1503	4.02202e-05
1504	3.75852e-05
1505	4.05905e-05
1506	3.77945e-05
1507	4.03276e-05
1508	3.74861e-05
1509	4.03972e-05
1510	3.76016e-05
1511	4.01555e-05
1512	3.77262e-05
1513	4.03094e-05
1514	3.71284e-05
1515	3.9861e-05
1516	3.72295e-05
1517	4.03107e-05
1518	3.73919e-05
1519	4.02269e-05
1520	3.76772e-05
1521	4.0449e-05
1522	3.7315e-05
1523	4.01052e-05
1524	3.75838e-05
1525	4.04539e-05
1526	3.77051e-05
1527	4.01853e-05
1528	3.73813e-05
1529	4.03234e-05
1530	3.75589e-05
1531	4.02314e-05
1532	3.78177e-05
1533	4.03898e-05
1534	3.71903e-05
1535	3.98808e-05
1536	3.72732e-05
1537	4.03422e-05
1538	3.75171e-05
1539	4.03521e-05
1540	3.78726e-05
1541	4.05864e-05
1542	3.74114e-05
1543	4.01654e-05
1544	3.7607e-05
1545	4.0483e-05
1546	3.7788e-05
1547	4.03465e-05
1548	3.74742e-05
1549	4.02226e-05
1550	3.75564e-05
1551	4.04297e-05
1552	3.78444e-05
1553	4.0134e-05
1554	3.69581e-05
1555	3.99709e-05
1556	3.57764e-05
1557	4.16792e-05
1558	3.80019e-05
1559	3.98207e-05
1560	3.90365e-05
1561	4.0308e-05
1562	3.75084e-05
1563	4.01665e-05
1564	3.80474e-05
1565	4.06576e-05
1566	3.81414e-05
1567	4.03967e-05
1568	3.76635e-05
1569	4.05387e-05
1570	3.77625e-05
1571	4.04163e-05
1572	3.78661e-05
1573	4.06095e-05
1574	3.72727e-05
1575	4.0064e-05
1576	3.73657e-05
1577	4.04658e-05
1578	3.76122e-05
1579	4.04563e-05
1580	3.79648e-05
1581	4.07458e-05
1582	3.76198e-05
1583	4.03987e-05
1584	3.78357e-05
1585	4.07421e-05
1586	3.8066e-05
1587	4.06245e-05
1588	3.77903e-05
1589	4.07486e-05
1590	3.79619e-05
1591	4.06506e-05
1592	3.8241e-05
1593	4.08542e-05
1594	3.76806e-05
1595	4.03806e-05
1596	3.78151e-05
1597	4.09186e-05
1598	3.80953e-05
1599	4.09274e-05
1600	3.84787e-05
1601	4.1185e-05
1602	3.80525e-05
1603	4.07914e-05
1604	3.82653e-05
1605	4.11455e-05
1606	3.84283e-05
1607	4.09808e-05
1608	3.81591e-05
1609	4.09393e-05
1610	3.82568e-05
1611	4.11263e-05
1612	3.857e-05
1613	4.0876e-05
1614	3.77212e-05
1615	4.07503e-05
1616	3.8054e-05
1617	4.07917e-05
1618	3.79174e-05
1619	4.08966e-05
1620	3.84385e-05
1621	4.11434e-05
1622	3.79675e-05
1623	4.07027e-05
1624	3.81551e-05
1625	4.10432e-05
1626	3.8294e-05
1627	4.07218e-05
1628	3.79047e-05
1629	4.08882e-05
1630	3.80706e-05
1631	4.06905e-05
1632	3.82064e-05
1633	4.07745e-05
1634	3.75897e-05
1635	4.02804e-05
1636	3.76286e-05
1637	4.06922e-05
1638	3.78335e-05
1639	4.06632e-05
1640	3.8144e-05
1641	4.08603e-05
1642	3.7698e-05
1643	4.0416e-05
1644	3.78448e-05
1645	4.07334e-05
1646	3.80013e-05
1647	4.04789e-05
1648	3.76587e-05
1649	4.0547e-05
1650	3.77372e-05
1651	4.03699e-05
1652	3.79064e-05
1653	4.04798e-05
1654	3.73111e-05
1655	4.01009e-05
1656	3.74544e-05
1657	4.02938e-05
1658	3.75385e-05
1659	4.0548e-05
1660	3.78845e-05
1661	4.03171e-05
1662	3.72327e-05
1663	4.03158e-05
1664	3.77028e-05
1665	4.03559e-05
1666	3.77077e-05
1667	4.03946e-05
1668	3.74043e-05
1669	4.00702e-05
1670	3.73404e-05
1671	4.02504e-05
1672	3.77838e-05
1673	4.01901e-05
1674	3.70621e-05
1675	3.83772e-05
1676	3.66854e-05
1677	4.18995e-05
1678	3.71307e-05
1679	4.03937e-05
1680	3.84262e-05
1681	4.04245e-05
1682	3.75818e-05
1683	4.02724e-05
1684	3.76082e-05
1685	4.05905e-05
1686	3.77651e-05
1687	4.02535e-05
1688	3.73876e-05
1689	4.03384e-05
1690	3.76036e-05
1691	4.01884e-05
1692	3.77374e-05
1693	4.0336e-05
1694	3.71074e-05
1695	3.98262e-05
1696	3.56304e-05
1697	4.18071e-05
1698	3.79525e-05
1699	3.95587e-05
1700	3.88488e-05
1701	4.04963e-05
1702	3.7705e-05
1703	4.01386e-05
1704	3.79541e-05
1705	4.05881e-05
1706	3.80982e-05
1707	4.03535e-05
1708	3.76564e-05
1709	4.05088e-05
1710	3.7746e-05
1711	4.04016e-05
1712	3.78885e-05
1713	4.06114e-05
1714	3.73462e-05
1715	4.01621e-05
1716	3.75146e-05
1717	4.06198e-05
1718	3.77323e-05
1719	4.0524e-05
1720	3.80068e-05
1721	4.07763e-05
1722	3.7713e-05
1723	4.05502e-05
1724	3.80393e-05
1725	4.09035e-05
1726	3.8158e-05
1727	4.06467e-05
1728	3.77893e-05
1729	4.07488e-05
1730	3.80213e-05
1731	4.07623e-05
1732	3.83674e-05
1733	4.09541e-05
1734	3.77372e-05
1735	4.04417e-05
1736	3.7832e-05
1737	4.09101e-05
1738	3.80951e-05
1739	4.09058e-05
1740	3.84752e-05
1741	4.12119e-05
1742	3.80773e-05
1743	4.07969e-05
1744	3.82418e-05
1745	4.11311e-05
1746	3.84555e-05
1747	4.09933e-05
1748	3.81932e-05
1749	4.10837e-05
1750	3.83008e-05
1751	4.09602e-05
1752	3.85002e-05
1753	4.10905e-05
1754	3.78671e-05
1755	4.05606e-05
1756	3.79468e-05
1757	4.09874e-05
1758	3.81309e-05
1759	4.09672e-05
1760	3.84765e-05
1761	4.12092e-05
1762	3.80462e-05
1763	4.07901e-05
1764	3.8226e-05
1765	4.10952e-05
1766	3.83584e-05
1767	4.08215e-05
1768	3.79905e-05
1769	4.09031e-05
1770	3.80907e-05
1771	4.07145e-05
1772	3.82802e-05
1773	4.08206e-05
1774	3.76488e-05
1775	4.04173e-05
1776	3.77701e-05
1777	4.066e-05
1778	3.78808e-05
1779	4.08773e-05
1780	3.82459e-05
1781	4.06672e-05
1782	3.75776e-05
1783	4.06206e-05
1784	3.80082e-05
1785	4.06587e-05
1786	3.80057e-05
1787	4.07048e-05
1788	3.77396e-05
1789	4.03433e-05
1790	3.76251e-05
1791	4.05095e-05
1792	3.80591e-05
1793	4.05071e-05
1794	3.73594e-05
1795	4.02235e-05
1796	3.74998e-05
1797	4.02368e-05
1798	3.74265e-05
1799	4.04092e-05
1800	3.79082e-05
1801	4.05926e-05
1802	3.74337e-05
1803	4.01769e-05
1804	3.75672e-05
1805	4.04327e-05
1806	3.77275e-05
1807	4.01926e-05
1808	3.73621e-05
1809	4.0324e-05
1810	3.75319e-05
1811	4.01889e-05
1812	3.76911e-05
1813	4.02449e-05
1814	3.70668e-05
1815	3.98315e-05
1816	3.56381e-05
1817	4.16691e-05
1818	3.79583e-05
1819	3.97567e-05
1820	3.89764e-05
1821	4.02757e-05
1822	3.75459e-05
1823	4.03057e-05
1824	3.80891e-05
1825	4.05648e-05
1826	3.8145e-05
1827	4.05989e-05
1828	3.76791e-05
1829	4.02136e-05
1830	3.7494e-05
1831	4.04501e-05
1832	3.79156e-05
1833	4.04274e-05
1834	3.7173e-05
1835	4.01515e-05
1836	3.73892e-05
1837	4.02628e-05
1838	3.74648e-05
1839	4.04522e-05
1840	3.7867e-05
1841	4.04888e-05
1842	3.74521e-05
1843	4.03629e-05
1844	3.78294e-05
1845	4.06647e-05
1846	3.79356e-05
1847	4.04262e-05
1848	3.75887e-05
1849	4.05948e-05
1850	3.78982e-05
1851	4.06094e-05
1852	3.82087e-05
1853	4.08234e-05
1854	3.76211e-05
1855	4.02719e-05
1856	3.76409e-05
1857	4.07762e-05
1858	3.80298e-05
1859	4.08989e-05
1860	3.84071e-05
1861	4.10775e-05
1862	3.79682e-05
1863	4.07329e-05
1864	3.81995e-05
1865	4.11029e-05
1866	3.8391e-05
1867	4.0837e-05
1868	3.80015e-05
1869	4.09416e-05
1870	3.82192e-05
1871	4.08948e-05
1872	3.8481e-05
1873	4.10484e-05
1874	3.78042e-05
1875	4.04738e-05
1876	3.78353e-05
1877	4.09292e-05
1878	3.80837e-05
1879	4.08353e-05
1880	3.83395e-05
1881	4.11136e-05
1882	3.79705e-05
1883	4.06731e-05
1884	3.80686e-05
1885	4.093e-05
1886	3.82497e-05
1887	4.07382e-05
1888	3.79062e-05
1889	4.08359e-05
1890	3.80233e-05
1891	4.06472e-05
1892	3.81499e-05
1893	4.0705e-05
1894	3.75389e-05
1895	4.02837e-05
1896	3.76416e-05
1897	4.06672e-05
1898	3.77555e-05
1899	4.05309e-05
1900	3.80298e-05
1901	4.07462e-05
1902	3.76591e-05
1903	4.03815e-05
1904	3.7826e-05
1905	4.06749e-05
1906	3.79198e-05
1907	4.03665e-05
1908	3.75791e-05
1909	4.04958e-05
1910	3.77087e-05
1911	4.03166e-05
1912	3.78685e-05
1913	4.04562e-05
1914	3.72519e-05
1915	3.99527e-05
1916	3.73547e-05
1917	4.03802e-05
1918	3.75023e-05
1919	4.02925e-05
1920	3.77858e-05
1921	4.05333e-05
1922	3.73399e-05
1923	4.00791e-05
1924	3.75325e-05
1925	4.04183e-05
1926	3.77047e-05
1927	4.01681e-05
1928	3.73053e-05
1929	4.02184e-05
1930	3.74581e-05
1931	4.01464e-05
1932	3.77252e-05
1933	4.02728e-05
1934	3.70318e-05
1935	3.81277e-05
1936	3.65406e-05
1937	4.20947e-05
1938	3.72899e-05
1939	4.03296e-05
1940	3.83735e-05
1941	4.04398e-05
1942	3.75751e-05
1943	4.02681e-05
1944	3.76469e-05
1945	4.06131e-05
1946	3.77809e-05
1947	4.02828e-05
1948	3.74009e-05
1949	4.02967e-05
1950	3.75528e-05
1951	4.01738e-05
1952	3.78034e-05
1953	4.03625e-05
1954	3.70939e-05
1955	3.97626e-05
1956	3.55475e-05
1957	4.17174e-05
1958	3.79554e-05
1959	3.96438e-05
1960	3.89596e-05
1961	4.05146e-05
1962	3.76868e-05
1963	4.01205e-05
1964	3.79514e-05
1965	4.06095e-05
1966	3.80901e-05
1967	4.03459e-05
1968	3.76628e-05
1969	4.05057e-05
1970	3.77185e-05
1971	4.03853e-05
1972	3.7871e-05
1973	4.06091e-05
1974	3.7332e-05
1975	4.01731e-05
1976	3.75299e-05
1977	4.05821e-05
1978	3.76773e-05
1979	4.04823e-05
1980	3.79951e-05
1981	4.07692e-05
1982	3.76795e-05
1983	4.04907e-05
1984	3.8014e-05
1985	4.08896e-05
1986	3.81058e-05
1987	4.05808e-05
1988	3.77523e-05
1989	4.07381e-05
1990	3.80195e-05
1991	4.07657e-05
1992	3.83693e-05
1993	4.09151e-05
1994	3.77398e-05
1995	4.05235e-05
1996	3.79205e-05
1997	4.08696e-05
1998	3.81069e-05
1999	4.11172e-05
2000	3.85388e-05
