1	0.0688896
2	0.0568233
3	0.0256732
4	0.0277253
5	0.0228357
6	0.0113399
7	0.0110826
8	0.0112201
9	0.0117131
10	0.01091
11	0.0115652
12	0.0116191
13	0.0116087
14	0.00639556
15	0.00651887
16	0.00671378
17	0.00675121
18	0.00672531
19	0.00667112
20	0.00666009
21	0.00661559
22	0.00652362
23	0.00640645
24	0.00623733
25	0.00598968
26	0.00566258
27	0.00529835
28	0.00493422
29	0.00453364
30	0.00410064
31	0.0036718
32	0.00328511
33	0.00296357
34	0.00281468
35	0.00271352
36	0.00271291
37	0.00272729
38	0.0028113
39	0.00289646
40	0.00301285
41	0.00311053
42	0.00321841
43	0.00330614
44	0.00338579
45	0.00345969
46	0.00352906
47	0.00360342
48	0.0036819
49	0.00376913
50	0.00387038
51	0.00398947
52	0.00412272
53	0.00428161
54	0.00446178
55	0.00469337
56	0.00479614
57	0.0050602
58	0.00515071
59	0.00326664
60	0.00324277
61	0.00332957
62	0.00333008
63	0.00341313
64	0.00341262
65	0.00340765
66	0.00340767
67	0.00341022
68	0.00342786
69	0.0034602
70	0.00349739
71	0.00352897
72	0.00355416
73	0.00358742
74	0.00362611
75	0.00366594
76	0.00365997
77	0.00367078
78	0.00365828
79	0.00365452
80	0.00365338
81	0.00362221
82	0.00362868
83	0.00363771
84	0.00363628
85	0.00362652
86	0.00361709
87	0.00360496
88	0.00360371
89	0.00361128
90	0.00363017
91	0.00369513
92	0.00378206
93	0.00392413
94	0.00414058
95	0.00435664
96	0.00458285
97	0.00480648
98	0.00495444
99	0.00503802
100	0.00497654
101	0.00484765
102	0.00468051
103	0.00449645
104	0.00432733
105	0.00408314
106	0.00388879
107	0.00379825
108	0.003744
109	0.00370931
110	0.00369868
111	0.0037346
112	0.00378745
113	0.00389528
114	0.00404756
115	0.00420345
116	0.00435575
117	0.00440656
118	0.00447928
119	0.00449138
120	0.00448413
121	0.00451259
122	0.00455084
123	0.00453735
124	0.00452256
125	0.0045784
126	0.00456021
127	0.00453975
128	0.00457499
129	0.00465278
130	0.00458794
131	0.00456224
132	0.00457581
133	0.00458038
134	0.00456699
135	0.0045919
136	0.00454649
137	0.00458801
138	0.0045675
139	0.00467286
140	0.00462021
141	0.00466018
142	0.00475725
143	0.0048211
144	0.00491357
145	0.00496331
146	0.00499778
147	0.00506377
148	0.00506194
149	0.00498993
150	0.00492962
151	0.00489418
152	0.00485679
153	0.00484156
154	0.00478384
155	0.00474032
156	0.0046988
157	0.00465406
158	0.0046145
159	0.00453162
160	0.00445303
161	0.00438216
162	0.00431756
163	0.00424701
164	0.00420425
165	0.00414289
166	0.0041143
167	0.00411361
168	0.00415183
169	0.00422515
170	0.00429104
171	0.00428082
172	0.00425914
173	0.0041378
174	0.00400458
175	0.00376287
176	0.00348556
177	0.00321329
178	0.0029837
179	0.00277512
180	0.00258959
181	0.00242609
182	0.00230034
183	0.00217929
184	0.00208664
185	0.0012937
186	0.00122093
187	0.00118394
188	0.00115255
189	0.0011375
190	0.00112099
191	0.00110789
192	0.00110054
193	0.00109691
194	0.00109372
195	0.00110146
196	0.00110478
197	0.00111014
198	0.00111666
199	0.00112371
200	0.00113096
201	0.00113855
202	0.00114686
203	0.00115636
204	0.00116786
205	0.00118081
206	0.00119524
207	0.00121033
208	0.00122611
209	0.00124201
210	0.00125805
211	0.00127438
212	0.0012919
213	0.00131063
214	0.00133113
215	0.00135218
216	0.0013742
217	0.00139686
218	0.00141955
219	0.00144258
220	0.0014657
221	0.00149019
222	0.00151532
223	0.00154056
224	0.00156739
225	0.00159363
226	0.00161911
227	0.00164302
228	0.00166393
229	0.00168092
230	0.00169395
231	0.00170236
232	0.00170658
233	0.00169915
234	0.00169421
235	0.00167745
236	0.0016609
237	0.0016431
238	0.00161015
239	0.00157751
240	0.00240368
241	0.00238431
242	0.00233775
243	0.00225626
244	0.00215614
245	0.00206988
246	0.00197913
247	0.00189111
248	0.00181223
249	0.00174717
250	0.0016967
251	0.00165609
252	0.00102458
253	0.00149068
254	0.00142337
255	0.00133982
256	0.00125333
257	0.00116644
258	0.00109737
259	0.00103891
260	0.00099659
261	0.000959474
262	0.000929758
263	0.000906685
264	0.000888211
265	0.000871545
266	0.000854247
267	0.000835262
268	0.000822399
269	0.000520044
270	0.000773248
271	0.000499615
272	0.000484029
273	0.000471676
274	0.000467909
275	0.000463063
276	0.000455518
277	0.000454908
278	0.000451688
279	0.000445253
280	0.000445102
281	0.000441551
282	0.000437124
283	0.000432442
284	0.000427475
285	0.000421929
286	0.000415509
287	0.00040639
288	0.000400737
289	0.000390055
290	0.00038115
291	0.00037093
292	0.000361276
293	0.000546041
294	0.000536689
295	0.000525203
296	0.000506325
297	0.000486346
298	0.000470515
299	0.000455953
300	0.000441543
301	0.000422067
302	0.0004062
303	0.000393227
304	0.00038181
305	0.000370879
306	0.000362299
307	0.000352671
308	0.000344157
309	0.000221118
310	0.000214092
311	0.000208592
312	0.000204146
313	0.000198686
314	0.000193298
315	0.000186821
316	0.000178677
317	0.000172021
318	0.000259027
319	0.000253795
320	0.000246229
321	0.000236583
322	0.000226202
323	0.00021865
324	0.000209319
325	0.000201344
326	0.000194559
327	0.000187631
328	0.000181703
329	0.000176314
330	0.000171818
331	0.000167677
332	0.000164069
333	0.000159902
334	0.000158438
335	0.000100753
336	9.83669e-05
337	9.55978e-05
338	9.50526e-05
339	9.28324e-05
340	9.19555e-05
341	8.93876e-05
342	8.81198e-05
343	8.52271e-05
344	8.29654e-05
345	8.06185e-05
346	7.8242e-05
347	0.000117809
348	0.000116055
349	0.000112801
350	0.00010899
351	0.000104769
352	0.000100691
353	9.67677e-05
354	9.18779e-05
355	8.89813e-05
356	8.50715e-05
357	8.08767e-05
358	7.74974e-05
359	7.40443e-05
360	7.15625e-05
361	6.83813e-05
362	6.67699e-05
363	6.43591e-05
364	6.2772e-05
365	6.16329e-05
366	5.94838e-05
367	5.88136e-05
368	5.78582e-05
369	5.68086e-05
370	5.60034e-05
371	5.5656e-05
372	5.44311e-05
373	5.33906e-05
374	5.12461e-05
375	5.09314e-05
376	4.92785e-05
377	4.78229e-05
378	4.54007e-05
379	4.35758e-05
380	4.21532e-05
381	4.12412e-05
382	4.0026e-05
383	3.87409e-05
384	3.74244e-05
385	3.62847e-05
386	3.46145e-05
387	3.33152e-05
388	3.24386e-05
389	3.17978e-05
390	3.10384e-05
391	3.07083e-05
392	3.00446e-05
393	2.93851e-05
394	2.90007e-05
395	2.87468e-05
396	2.85613e-05
397	2.82258e-05
398	2.77784e-05
399	2.73451e-05
400	2.72311e-05
401	2.6428e-05
402	2.537e-05
403	2.46307e-05
404	2.42986e-05
405	2.34398e-05
406	2.2716e-05
407	2.19183e-05
408	2.08689e-05
409	1.97963e-05
410	1.89077e-05
411	1.85813e-05
412	1.78061e-05
413	1.69142e-05
414	1.62201e-05
415	1.57671e-05
416	1.53557e-05
417	1.44579e-05
418	1.35286e-05
419	1.30029e-05
420	1.28337e-05
421	1.22477e-05
422	1.19688e-05
423	1.16995e-05
424	1.13835e-05
425	1.08609e-05
426	1.07737e-05
427	1.08046e-05
428	1.05112e-05
429	1.03177e-05
430	9.97714e-06
431	9.94502e-06
432	9.61264e-06
433	9.37894e-06
434	9.00718e-06
435	8.87099e-06
436	8.57885e-06
437	8.37046e-06
438	8.08131e-06
439	7.90219e-06
440	7.65396e-06
441	7.48255e-06
442	7.27822e-06
443	1.11411e-05
444	7.14689e-06
445	1.07925e-05
446	6.82349e-06
447	1.02726e-05
448	1.02638e-05
449	1.00899e-05
450	9.93986e-06
451	9.77588e-06
452	9.61264e-06
453	9.47876e-06
454	9.36045e-06
455	9.28172e-06
456	9.20324e-06
457	9.12844e-06
458	9.03584e-06
459	9.02089e-06
460	8.85075e-06
461	8.64652e-06
462	8.37883e-06
463	8.18619e-06
464	7.95632e-06
465	7.78639e-06
466	7.54875e-06
467	7.37164e-06
468	7.1316e-06
469	6.93841e-06
470	6.67335e-06
471	6.48434e-06
472	6.21737e-06
473	6.01194e-06
474	5.75948e-06
475	5.57485e-06
476	5.35931e-06
477	5.18826e-06
478	4.96822e-06
479	4.8028e-06
480	4.57953e-06
481	4.40652e-06
482	4.19825e-06
483	4.06636e-06
484	3.84036e-06
485	6.20202e-06
486	3.74169e-06
487	6.0135e-06
488	3.63963e-06
489	5.80924e-06
490	5.68365e-06
491	5.70058e-06
492	5.58379e-06
493	5.54671e-06
494	5.41112e-06
495	5.36545e-06
496	5.23536e-06
497	5.14814e-06
498	5.0011e-06
499	4.93715e-06
500	4.79141e-06
501	4.72455e-06
502	4.57628e-06
503	4.53368e-06
504	4.39513e-06
505	4.33752e-06
506	4.18329e-06
507	4.15668e-06
508	4.00509e-06
509	3.95154e-06
510	3.80859e-06
511	3.79363e-06
512	3.65738e-06
513	3.64119e-06
514	3.52166e-06
515	3.53368e-06
516	3.44331e-06
517	3.44938e-06
518	3.3049e-06
519	3.34398e-06
520	3.21618e-06
521	3.2737e-06
522	3.1569e-06
523	3.24863e-06
524	3.141e-06
525	3.15078e-06
526	3.0251e-06
527	3.05388e-06
528	2.9559e-06
529	2.96597e-06
530	2.86726e-06
531	2.89748e-06
532	2.77806e-06
533	2.7831e-06
534	2.65916e-06
535	2.67688e-06
536	2.56793e-06
537	2.57797e-06
538	2.47947e-06
539	4.67807e-06
540	2.44228e-06
541	4.68633e-06
542	2.4102e-06
543	4.6857e-06
544	4.41453e-06
545	4.66717e-06
546	2.41253e-06
547	4.62488e-06
548	4.36446e-06
549	4.56286e-06
550	4.3697e-06
551	4.56613e-06
552	4.36909e-06
553	4.47962e-06
554	4.2874e-06
555	4.41355e-06
556	4.24247e-06
557	4.33534e-06
558	4.17311e-06
559	4.30213e-06
560	4.12543e-06
561	4.23504e-06
562	4.05568e-06
563	4.21508e-06
564	4.03898e-06
565	4.17203e-06
566	3.97887e-06
567	4.15025e-06
568	3.95146e-06
569	4.0682e-06
570	3.87354e-06
571	4.01825e-06
572	3.7938e-06
573	3.89259e-06
574	3.67273e-06
575	3.78057e-06
576	3.58857e-06
577	3.67045e-06
578	3.47353e-06
579	3.59686e-06
580	3.39273e-06
581	3.50608e-06
582	3.30295e-06
583	3.4477e-06
584	3.26042e-06
585	3.3925e-06
586	3.19626e-06
587	3.37741e-06
588	3.18862e-06
589	3.32553e-06
590	3.14712e-06
591	3.31318e-06
592	3.11809e-06
593	3.24995e-06
594	3.0598e-06
595	3.20742e-06
596	3.04127e-06
597	3.15591e-06
598	2.98184e-06
599	3.12565e-06
600	2.93763e-06
601	3.05519e-06
602	2.86068e-06
603	3.0112e-06
604	2.82108e-06
605	2.94989e-06
606	2.75013e-06
607	2.91954e-06
608	2.73402e-06
609	2.86534e-06
610	2.68639e-06
611	2.85099e-06
612	2.64977e-06
613	2.78052e-06
614	2.58149e-06
615	2.72444e-06
616	2.55466e-06
617	2.67878e-06
618	2.49836e-06
619	2.66542e-06
620	2.47048e-06
621	2.61905e-06
622	2.42772e-06
623	2.60209e-06
624	2.40974e-06
625	2.56655e-06
626	2.36483e-06
627	2.55341e-06
628	2.35793e-06
629	2.51084e-06
630	2.33974e-06
631	2.53084e-06
632	2.34151e-06
633	2.49939e-06
634	2.33117e-06
635	2.5064e-06
636	2.36106e-06
637	2.51657e-06
638	2.38024e-06
639	2.57029e-06
640	2.40476e-06
641	2.55605e-06
642	2.39347e-06
643	2.57946e-06
644	2.41123e-06
645	2.55792e-06
646	2.3937e-06
647	2.57217e-06
648	2.41113e-06
649	2.54979e-06
650	2.40295e-06
651	2.58099e-06
652	2.40763e-06
653	2.54694e-06
654	2.39358e-06
655	2.54619e-06
656	2.40852e-06
657	2.53809e-06
658	2.40365e-06
659	2.57197e-06
660	2.40949e-06
661	2.55649e-06
662	2.39245e-06
663	2.56765e-06
664	2.39828e-06
665	2.54549e-06
666	2.36968e-06
667	2.55197e-06
668	2.37364e-06
669	2.51489e-06
670	2.35932e-06
671	2.52867e-06
672	2.35045e-06
673	2.49437e-06
674	2.31995e-06
675	2.47231e-06
676	2.32006e-06
677	2.44524e-06
678	2.29085e-06
679	2.44634e-06
680	2.27141e-06
681	2.4079e-06
682	2.22476e-06
683	2.38472e-06
684	2.20308e-06
685	2.34367e-06
686	2.16055e-06
687	2.33531e-06
688	2.15382e-06
689	2.29187e-06
690	2.12497e-06
691	2.29291e-06
692	2.10084e-06
693	2.24365e-06
694	2.06109e-06
695	2.20456e-06
696	2.05046e-06
697	2.18022e-06
698	2.02098e-06
699	2.19191e-06
700	2.0147e-06
701	2.17541e-06
702	1.99658e-06
703	2.17069e-06
704	1.98947e-06
705	2.14615e-06
706	1.95132e-06
707	2.13188e-06
708	1.93757e-06
709	2.07877e-06
710	1.90846e-06
711	2.08011e-06
712	1.89435e-06
713	2.03892e-06
714	1.86205e-06
715	2.02209e-06
716	1.74774e-06
717	2.14779e-06
718	1.90868e-06
719	2.03077e-06
720	2.05288e-06
721	2.07881e-06
722	1.95272e-06
723	2.11537e-06
724	1.96208e-06
725	2.14559e-06
726	1.95887e-06
727	2.14164e-06
728	1.95982e-06
729	2.1125e-06
730	1.95406e-06
731	2.13521e-06
732	1.9709e-06
733	2.12436e-06
734	1.95138e-06
735	2.12217e-06
736	1.97356e-06
737	2.11624e-06
738	1.9571e-06
739	2.14049e-06
740	1.97126e-06
741	2.14004e-06
742	1.96745e-06
743	2.16339e-06
744	1.99656e-06
745	2.1685e-06
746	1.99399e-06
747	2.19815e-06
748	2.04165e-06
749	2.20541e-06
750	2.05491e-06
751	2.24885e-06
752	2.08118e-06
753	2.24169e-06
754	2.07505e-06
755	2.24789e-06
756	2.10734e-06
757	2.25864e-06
758	2.10931e-06
759	2.29748e-06
760	2.13362e-06
761	2.30136e-06
762	2.13006e-06
763	2.31308e-06
764	2.1451e-06
765	2.30481e-06
766	2.12704e-06
767	2.32077e-06
768	2.15216e-06
769	2.30997e-06
770	2.14629e-06
771	2.33056e-06
772	2.14919e-06
773	2.30234e-06
774	2.12136e-06
775	2.29178e-06
776	2.13584e-06
777	2.28186e-06
778	2.11959e-06
779	2.29794e-06
780	2.11824e-06
781	2.28021e-06
782	2.10227e-06
783	2.29032e-06
784	2.10687e-06
785	2.26673e-06
786	2.07872e-06
787	2.26302e-06
788	2.0776e-06
789	2.21576e-06
790	2.04772e-06
791	2.22767e-06
792	2.04675e-06
793	2.19534e-06
794	2.02088e-06
795	2.17905e-06
796	2.0346e-06
797	2.17573e-06
798	2.02043e-06
799	2.19972e-06
800	2.02271e-06
801	2.18667e-06
802	2.00782e-06
803	2.18996e-06
804	2.00988e-06
805	2.16945e-06
806	1.97338e-06
807	2.15344e-06
808	1.96544e-06
809	2.11193e-06
810	1.94592e-06
811	2.12532e-06
812	1.94525e-06
813	2.09234e-06
814	1.91875e-06
815	2.08145e-06
816	1.93506e-06
817	2.07492e-06
818	1.92189e-06
819	2.0929e-06
820	1.91828e-06
821	2.07685e-06
822	1.89204e-06
823	2.07611e-06
824	1.89204e-06
825	2.05755e-06
826	1.86563e-06
827	2.04872e-06
828	1.86825e-06
829	2.02103e-06
830	1.8581e-06
831	2.0451e-06
832	1.85868e-06
833	2.00747e-06
834	1.83398e-06
835	1.89011e-06
836	1.81108e-06
837	2.10451e-06
838	1.85894e-06
839	2.09773e-06
840	1.92197e-06
841	2.04294e-06
842	1.89769e-06
843	2.06713e-06
844	1.88829e-06
845	2.06806e-06
846	1.85879e-06
847	2.06789e-06
848	1.87429e-06
849	2.02486e-06
850	1.86049e-06
851	2.02907e-06
852	1.86356e-06
853	2.00638e-06
854	1.84395e-06
855	1.99911e-06
856	1.73134e-06
857	2.12846e-06
858	1.87843e-06
859	2.00736e-06
860	2.02315e-06
861	2.05137e-06
862	1.92802e-06
863	2.08612e-06
864	1.93651e-06
865	2.11469e-06
866	1.92854e-06
867	2.10833e-06
868	1.92671e-06
869	2.08085e-06
870	1.92499e-06
871	2.11119e-06
872	1.9491e-06
873	2.10508e-06
874	1.93779e-06
875	2.1133e-06
876	1.97159e-06
877	2.11783e-06
878	1.96644e-06
879	2.15834e-06
880	1.9862e-06
881	2.15764e-06
882	1.99504e-06
883	2.20072e-06
884	2.03048e-06
885	2.19632e-06
886	2.0148e-06
887	2.20906e-06
888	2.03605e-06
889	2.18852e-06
890	2.03876e-06
891	2.23135e-06
892	2.0663e-06
893	2.22869e-06
894	2.06529e-06
895	2.24029e-06
896	2.09837e-06
897	2.25034e-06
898	2.10537e-06
899	2.29162e-06
900	2.1253e-06
901	2.29325e-06
902	2.1249e-06
903	2.31431e-06
904	2.14652e-06
905	2.31572e-06
906	2.13486e-06
907	2.32224e-06
908	2.1508e-06
909	2.3073e-06
910	2.14339e-06
911	2.33053e-06
912	2.1498e-06
913	2.30325e-06
914	2.12499e-06
915	2.28767e-06
916	2.1364e-06
917	2.28649e-06
918	2.12939e-06
919	2.31547e-06
920	2.14333e-06
921	2.30634e-06
922	2.13471e-06
923	2.32206e-06
924	2.13997e-06
925	2.29522e-06
926	2.10369e-06
927	2.28858e-06
928	2.10112e-06
929	2.24161e-06
930	2.07977e-06
931	2.25975e-06
932	2.08067e-06
933	2.22202e-06
934	2.05197e-06
935	2.20873e-06
936	2.0595e-06
937	2.19638e-06
938	2.04625e-06
939	2.22186e-06
940	2.04552e-06
941	2.20004e-06
942	2.02249e-06
943	2.20527e-06
944	2.02031e-06
945	2.17288e-06
946	1.98644e-06
947	2.17064e-06
948	1.99327e-06
949	2.14383e-06
950	1.98043e-06
951	2.16493e-06
952	1.98112e-06
953	2.1332e-06
954	1.95436e-06
955	2.11248e-06
956	1.96428e-06
957	2.10243e-06
958	1.94506e-06
959	2.12101e-06
960	1.93961e-06
961	2.10503e-06
962	1.9249e-06
963	2.11044e-06
964	1.92907e-06
965	2.09358e-06
966	1.90229e-06
967	2.08687e-06
968	1.90085e-06
969	2.05086e-06
970	1.88121e-06
971	2.06304e-06
972	1.87823e-06
973	2.02745e-06
974	1.84763e-06
975	1.89992e-06
976	1.8217e-06
977	2.12276e-06
978	1.88e-06
979	2.11977e-06
980	1.94676e-06
981	2.07031e-06
982	1.92193e-06
983	2.09403e-06
984	1.91439e-06
985	2.09826e-06
986	1.8878e-06
987	2.09768e-06
988	1.90172e-06
989	2.05263e-06
990	1.88559e-06
991	2.05481e-06
992	1.88426e-06
993	2.0236e-06
994	1.86641e-06
995	2.02616e-06
996	1.75773e-06
997	2.15326e-06
998	1.90365e-06
999	2.03192e-06
1000	2.04549e-06
1001	2.06549e-06
1002	1.93647e-06
1003	2.09138e-06
1004	1.9394e-06
1005	2.11755e-06
1006	1.93453e-06
1007	2.11443e-06
1008	1.93744e-06
1009	2.08806e-06
1010	1.9365e-06
1011	2.11982e-06
1012	1.95523e-06
1013	2.10814e-06
1014	1.9366e-06
1015	2.10763e-06
1016	1.96656e-06
1017	2.10955e-06
1018	1.95827e-06
1019	2.14584e-06
1020	1.98062e-06
1021	2.15206e-06
1022	1.98433e-06
1023	2.18205e-06
1024	2.01513e-06
1025	2.18328e-06
1026	2.00296e-06
1027	2.1973e-06
1028	2.03028e-06
1029	2.19121e-06
1030	2.03631e-06
1031	2.22894e-06
1032	2.06527e-06
1033	2.22624e-06
1034	2.06474e-06
1035	2.24124e-06
1036	2.10752e-06
1037	2.26163e-06
1038	2.11476e-06
1039	2.29759e-06
1040	2.13095e-06
1041	2.29856e-06
1042	2.12946e-06
1043	2.3224e-06
1044	2.15052e-06
1045	2.32169e-06
1046	2.13807e-06
1047	2.32729e-06
1048	2.1501e-06
1049	2.30279e-06
1050	2.13782e-06
1051	2.33174e-06
1052	2.14485e-06
1053	2.30102e-06
1054	2.11669e-06
1055	2.28556e-06
1056	2.12709e-06
1057	2.28252e-06
1058	2.1263e-06
1059	2.31709e-06
1060	2.1416e-06
1061	2.30829e-06
1062	2.1371e-06
1063	2.32652e-06
1064	2.14818e-06
1065	2.31196e-06
1066	2.1208e-06
1067	2.30174e-06
1068	2.11491e-06
1069	2.25413e-06
1070	2.08646e-06
1071	2.26171e-06
1072	2.08532e-06
1073	2.2273e-06
1074	2.05473e-06
1075	2.21079e-06
1076	2.06407e-06
1077	2.20017e-06
1078	2.05241e-06
1079	2.22509e-06
1080	2.04965e-06
1081	2.1991e-06
1082	2.02079e-06
1083	2.20273e-06
1084	2.01992e-06
1085	2.16923e-06
1086	1.98803e-06
1087	2.17055e-06
1088	1.99317e-06
1089	2.13549e-06
1090	1.98176e-06
1091	2.15942e-06
1092	1.98455e-06
1093	2.13494e-06
1094	1.96468e-06
1095	2.12862e-06
1096	1.9738e-06
1097	2.11458e-06
1098	1.95457e-06
1099	2.13257e-06
1100	1.94686e-06
1101	2.10984e-06
1102	1.93138e-06
1103	2.11748e-06
1104	1.93412e-06
1105	2.09932e-06
1106	1.90471e-06
1107	2.09293e-06
1108	1.90245e-06
1109	2.05532e-06
1110	1.88409e-06
1111	2.06231e-06
1112	1.87685e-06
1113	2.02465e-06
1114	1.84909e-06
1115	1.90238e-06
1116	1.82277e-06
1117	2.131e-06
1118	1.88396e-06
1119	2.12459e-06
1120	1.94785e-06
1121	2.07347e-06
1122	1.92442e-06
1123	2.10172e-06
1124	1.92166e-06
1125	2.11025e-06
1126	1.90131e-06
1127	2.11139e-06
1128	1.91902e-06
1129	2.06724e-06
1130	1.89967e-06
1131	2.06369e-06
1132	1.89194e-06
1133	2.0303e-06
1134	1.86932e-06
1135	2.02574e-06
1136	1.76152e-06
1137	2.15474e-06
1138	1.90997e-06
1139	2.03552e-06
1140	2.04832e-06
1141	2.06513e-06
1142	1.93638e-06
1143	2.09006e-06
1144	1.93811e-06
1145	2.11129e-06
1146	1.92978e-06
1147	2.11338e-06
1148	1.93148e-06
1149	2.07927e-06
1150	1.93009e-06
1151	2.11277e-06
1152	1.94958e-06
1153	2.10306e-06
1154	1.9348e-06
1155	2.11282e-06
1156	1.96664e-06
1157	2.11113e-06
1158	1.95913e-06
1159	2.14782e-06
1160	1.98192e-06
1161	2.15175e-06
1162	1.98707e-06
1163	2.18426e-06
1164	2.01904e-06
1165	2.18607e-06
1166	2.00691e-06
1167	2.1978e-06
1168	2.03749e-06
1169	2.1968e-06
1170	2.04769e-06
1171	2.24113e-06
1172	2.07777e-06
1173	2.2397e-06
1174	2.07499e-06
1175	2.24979e-06
1176	2.11097e-06
1177	2.26764e-06
1178	2.11704e-06
1179	2.30464e-06
1180	2.13581e-06
1181	2.31006e-06
1182	2.13958e-06
1183	2.33509e-06
1184	2.16603e-06
1185	2.33748e-06
1186	2.15566e-06
1187	2.34405e-06
1188	2.16801e-06
1189	2.32079e-06
1190	2.15336e-06
1191	2.33735e-06
1192	2.15568e-06
1193	2.30603e-06
1194	2.12835e-06
1195	2.28862e-06
1196	2.13998e-06
1197	2.2876e-06
1198	2.13153e-06
1199	2.31917e-06
1200	2.14459e-06
1201	2.30806e-06
1202	2.13401e-06
1203	2.32085e-06
1204	2.14324e-06
1205	2.3051e-06
1206	2.11707e-06
1207	2.29675e-06
1208	2.11167e-06
1209	2.25052e-06
1210	2.0843e-06
1211	2.25938e-06
1212	2.08141e-06
1213	2.22491e-06
1214	2.05185e-06
1215	2.20995e-06
1216	2.06179e-06
1217	2.19775e-06
1218	2.04736e-06
1219	2.21943e-06
1220	2.04477e-06
1221	2.19877e-06
1222	2.01703e-06
1223	2.19611e-06
1224	2.0164e-06
1225	2.17095e-06
1226	1.98544e-06
1227	2.16683e-06
1228	1.99215e-06
1229	2.14133e-06
1230	1.97835e-06
1231	2.15946e-06
1232	1.97991e-06
1233	2.1309e-06
1234	1.95867e-06
1235	2.12245e-06
1236	1.96872e-06
1237	2.11216e-06
1238	1.94776e-06
1239	2.12752e-06
1240	1.94235e-06
1241	2.10729e-06
1242	1.92759e-06
1243	2.11194e-06
1244	1.93161e-06
1245	2.09492e-06
1246	1.90284e-06
1247	2.09416e-06
1248	1.90323e-06
1249	2.05203e-06
1250	1.88454e-06
1251	2.06803e-06
1252	1.87928e-06
1253	2.02328e-06
1254	1.84916e-06
1255	2.0125e-06
1256	1.74087e-06
1257	2.13962e-06
1258	1.90151e-06
1259	2.02704e-06
1260	2.04221e-06
1261	2.06037e-06
1262	1.93313e-06
1263	2.10104e-06
1264	1.94028e-06
1265	2.12598e-06
1266	1.93547e-06
1267	2.12153e-06
1268	1.92848e-06
1269	2.07482e-06
1270	1.90736e-06
1271	2.08456e-06
1272	1.90291e-06
1273	2.05097e-06
1274	1.87515e-06
1275	2.04484e-06
1276	1.90038e-06
1277	2.04493e-06
1278	1.89276e-06
1279	2.08058e-06
1280	1.91397e-06
1281	2.0841e-06
1282	1.91869e-06
1283	2.11612e-06
1284	1.9539e-06
1285	2.12592e-06
1286	1.9521e-06
1287	2.14615e-06
1288	1.98776e-06
1289	2.1444e-06
1290	1.99654e-06
1291	2.18728e-06
1292	2.02413e-06
1293	2.18481e-06
1294	2.02048e-06
1295	2.19402e-06
1296	2.05979e-06
1297	2.21252e-06
1298	2.07108e-06
1299	2.25785e-06
1300	2.09194e-06
1301	2.25906e-06
1302	2.08867e-06
1303	2.28112e-06
1304	2.11213e-06
1305	2.27623e-06
1306	2.09922e-06
1307	2.28664e-06
1308	2.11471e-06
1309	2.27297e-06
1310	2.11059e-06
1311	2.29901e-06
1312	2.11918e-06
1313	2.272e-06
1314	2.09823e-06
1315	2.26196e-06
1316	2.11746e-06
1317	2.2632e-06
1318	2.10308e-06
1319	2.28419e-06
1320	2.10671e-06
1321	2.27422e-06
1322	2.09989e-06
1323	2.28796e-06
1324	2.1076e-06
1325	2.27016e-06
1326	2.08155e-06
1327	2.26284e-06
1328	2.07766e-06
1329	2.21763e-06
1330	2.04802e-06
1331	2.22572e-06
1332	2.04606e-06
1333	2.19179e-06
1334	2.01474e-06
1335	2.17207e-06
1336	2.02313e-06
1337	2.16401e-06
1338	2.01178e-06
1339	2.18783e-06
1340	2.01424e-06
1341	2.17567e-06
1342	2.00049e-06
1343	2.18865e-06
1344	2.00569e-06
1345	2.16578e-06
1346	1.97673e-06
1347	2.15408e-06
1348	1.97342e-06
1349	2.1164e-06
1350	1.95302e-06
1351	2.13249e-06
1352	1.95733e-06
1353	2.10615e-06
1354	1.93121e-06
1355	2.08855e-06
1356	1.93989e-06
1357	2.07747e-06
1358	1.91826e-06
1359	2.09212e-06
1360	1.90981e-06
1361	2.07691e-06
1362	1.89806e-06
1363	2.08567e-06
1364	1.90314e-06
1365	2.07191e-06
1366	1.87935e-06
1367	2.06838e-06
1368	1.88217e-06
1369	2.0321e-06
1370	1.86551e-06
1371	2.04936e-06
1372	1.87266e-06
1373	2.02032e-06
1374	1.84624e-06
1375	2.00401e-06
1376	1.73324e-06
1377	2.12958e-06
1378	1.89099e-06
1379	2.0124e-06
1380	2.0296e-06
1381	2.05261e-06
1382	1.92462e-06
1383	2.08819e-06
1384	1.92937e-06
1385	2.1149e-06
1386	1.92421e-06
1387	2.1069e-06
1388	1.91615e-06
1389	2.06001e-06
1390	1.89087e-06
1391	2.07169e-06
1392	1.89304e-06
1393	2.03651e-06
1394	1.86308e-06
1395	2.03819e-06
1396	1.8913e-06
1397	2.03267e-06
1398	1.88005e-06
1399	2.06887e-06
1400	1.90215e-06
1401	2.06935e-06
1402	1.90791e-06
1403	2.101e-06
1404	1.939e-06
1405	2.10831e-06
1406	1.93024e-06
1407	2.12585e-06
1408	1.96814e-06
1409	2.13172e-06
1410	1.98807e-06
1411	2.18341e-06
1412	2.01881e-06
1413	2.18327e-06
1414	2.01569e-06
1415	2.18986e-06
1416	2.05649e-06
1417	2.21084e-06
1418	2.06801e-06
1419	2.25331e-06
1420	2.08757e-06
1421	2.25715e-06
1422	2.08894e-06
1423	2.2823e-06
1424	2.11276e-06
1425	2.28138e-06
1426	2.10241e-06
1427	2.28767e-06
1428	2.11443e-06
1429	2.26785e-06
1430	2.10682e-06
1431	2.2943e-06
1432	2.11754e-06
1433	2.27467e-06
1434	2.09622e-06
1435	2.25956e-06
1436	2.10705e-06
1437	2.25012e-06
1438	2.08789e-06
1439	2.27167e-06
1440	2.09626e-06
1441	2.26627e-06
1442	2.09135e-06
1443	2.27934e-06
1444	2.10062e-06
1445	2.26632e-06
1446	2.07456e-06
1447	2.25822e-06
1448	2.07248e-06
1449	2.21521e-06
1450	2.0492e-06
1451	2.22687e-06
1452	2.05213e-06
1453	2.19829e-06
1454	2.02439e-06
1455	2.18338e-06
1456	2.03207e-06
1457	2.17286e-06
1458	2.01667e-06
1459	2.19107e-06
1460	2.01165e-06
1461	2.16798e-06
1462	1.99158e-06
1463	2.1791e-06
1464	2.00042e-06
1465	2.15979e-06
1466	1.97116e-06
1467	2.14839e-06
1468	1.97122e-06
1469	2.11686e-06
1470	1.95556e-06
1471	2.13409e-06
1472	1.95882e-06
1473	2.10665e-06
1474	1.93534e-06
1475	2.08989e-06
1476	1.94419e-06
1477	2.08034e-06
1478	1.92704e-06
1479	2.10463e-06
1480	1.92099e-06
1481	2.07938e-06
1482	1.90349e-06
1483	2.09463e-06
1484	1.91117e-06
1485	2.07378e-06
1486	1.88365e-06
1487	2.07558e-06
1488	1.8855e-06
1489	2.0384e-06
1490	1.87376e-06
1491	2.05768e-06
1492	1.87126e-06
1493	2.02263e-06
1494	1.8452e-06
1495	1.89803e-06
1496	1.81741e-06
1497	2.11948e-06
1498	1.8724e-06
1499	2.1125e-06
1500	1.94034e-06
1501	2.06422e-06
1502	1.91564e-06
1503	2.08625e-06
1504	1.9083e-06
1505	2.09192e-06
1506	1.88468e-06
1507	2.09278e-06
1508	1.90319e-06
1509	2.05288e-06
1510	1.88647e-06
1511	2.04977e-06
1512	1.88399e-06
1513	2.02227e-06
1514	1.86483e-06
1515	2.01968e-06
1516	1.88405e-06
1517	2.02674e-06
1518	1.87035e-06
1519	2.05502e-06
1520	1.87773e-06
1521	2.04585e-06
1522	1.87369e-06
1523	2.06728e-06
1524	1.8961e-06
1525	2.06478e-06
1526	1.88319e-06
1527	2.07349e-06
1528	1.9002e-06
1529	2.05179e-06
1530	1.89772e-06
1531	2.08057e-06
1532	1.91585e-06
1533	2.06463e-06
1534	1.90074e-06
1535	2.06068e-06
1536	1.92273e-06
1537	2.06447e-06
1538	1.91816e-06
1539	2.09542e-06
1540	1.92579e-06
1541	2.09219e-06
1542	1.9166e-06
1543	2.10962e-06
1544	1.93015e-06
1545	2.09697e-06
1546	1.91004e-06
1547	2.09274e-06
1548	1.91079e-06
1549	2.05931e-06
1550	1.896e-06
1551	2.08678e-06
1552	1.89938e-06
1553	2.05008e-06
1554	1.87848e-06
1555	2.04227e-06
1556	1.76895e-06
1557	2.15854e-06
1558	1.91955e-06
1559	2.03876e-06
1560	2.05416e-06
1561	2.0751e-06
1562	1.94457e-06
1563	2.10937e-06
1564	1.9514e-06
1565	2.13587e-06
1566	1.944e-06
1567	2.13096e-06
1568	1.94059e-06
1569	2.09631e-06
1570	1.92662e-06
1571	2.11045e-06
1572	1.9327e-06
1573	2.08703e-06
1574	1.90593e-06
1575	2.07383e-06
1576	1.92816e-06
1577	2.07761e-06
1578	1.92498e-06
1579	2.11966e-06
1580	1.95722e-06
1581	2.13058e-06
1582	1.96795e-06
1583	2.16649e-06
1584	2.00056e-06
1585	2.17291e-06
1586	1.99296e-06
1587	2.19185e-06
1588	2.02276e-06
1589	2.17908e-06
1590	2.02499e-06
1591	2.2173e-06
1592	2.0543e-06
1593	2.21105e-06
1594	2.05198e-06
1595	2.22563e-06
1596	2.09498e-06
1597	2.24848e-06
1598	2.10662e-06
1599	2.29098e-06
1600	2.12612e-06
1601	2.29129e-06
1602	2.11666e-06
1603	2.30477e-06
1604	2.1347e-06
1605	2.29795e-06
1606	2.11982e-06
1607	2.30671e-06
1608	2.13861e-06
1609	2.29291e-06
1610	2.13333e-06
1611	2.32455e-06
1612	2.14019e-06
1613	2.29095e-06
1614	2.11479e-06
1615	2.28084e-06
1616	2.12537e-06
1617	2.26791e-06
1618	2.10728e-06
1619	2.2928e-06
1620	2.11343e-06
1621	2.27826e-06
1622	2.10093e-06
1623	2.28408e-06
1624	2.10707e-06
1625	2.27031e-06
1626	2.08129e-06
1627	2.26503e-06
1628	2.08183e-06
1629	2.23154e-06
1630	2.06307e-06
1631	2.23971e-06
1632	2.05717e-06
1633	2.20212e-06
1634	2.02739e-06
1635	2.18767e-06
1636	2.03949e-06
1637	2.1818e-06
1638	2.02619e-06
1639	2.20306e-06
1640	2.02796e-06
1641	2.18838e-06
1642	2.01236e-06
1643	2.19734e-06
1644	2.01786e-06
1645	2.17703e-06
1646	1.98901e-06
1647	2.16448e-06
1648	1.98483e-06
1649	2.12648e-06
1650	1.96175e-06
1651	2.1386e-06
1652	1.9616e-06
1653	2.10761e-06
1654	1.93771e-06
1655	2.09522e-06
1656	1.94815e-06
1657	2.08502e-06
1658	1.93507e-06
1659	2.11254e-06
1660	1.92878e-06
1661	2.08526e-06
1662	1.90518e-06
1663	2.09598e-06
1664	1.91358e-06
1665	2.07733e-06
1666	1.88786e-06
1667	2.07765e-06
1668	1.88825e-06
1669	2.03978e-06
1670	1.87559e-06
1671	2.05839e-06
1672	1.8731e-06
1673	2.02399e-06
1674	1.84759e-06
1675	1.90402e-06
1676	1.81962e-06
1677	2.11891e-06
1678	1.87076e-06
1679	2.1096e-06
1680	1.9381e-06
1681	2.05908e-06
1682	1.91141e-06
1683	2.07924e-06
1684	1.90149e-06
1685	2.08206e-06
1686	1.87244e-06
1687	2.08013e-06
1688	1.88848e-06
1689	2.03934e-06
1690	1.87407e-06
1691	2.04228e-06
1692	1.87187e-06
1693	2.01496e-06
1694	1.85006e-06
1695	2.00635e-06
1696	1.73778e-06
1697	2.1352e-06
1698	1.88422e-06
1699	2.01534e-06
1700	2.02983e-06
1701	2.05247e-06
1702	1.92822e-06
1703	2.08464e-06
1704	1.93495e-06
1705	2.11289e-06
1706	1.92727e-06
1707	2.10725e-06
1708	1.92776e-06
1709	2.08042e-06
1710	1.92624e-06
1711	2.11029e-06
1712	1.94907e-06
1713	2.10342e-06
1714	1.93692e-06
1715	2.11117e-06
1716	1.97344e-06
1717	2.12139e-06
1718	1.9677e-06
1719	2.1566e-06
1720	1.98971e-06
1721	2.16274e-06
1722	1.99519e-06
1723	2.19551e-06
1724	2.02475e-06
1725	2.19455e-06
1726	2.0115e-06
1727	2.20643e-06
1728	2.03688e-06
1729	2.19432e-06
1730	2.04135e-06
1731	2.23656e-06
1732	2.07036e-06
1733	2.23367e-06
1734	2.06363e-06
1735	2.23679e-06
1736	2.09747e-06
1737	2.24914e-06
1738	2.10091e-06
1739	2.28641e-06
1740	2.12237e-06
1741	2.29543e-06
1742	2.12778e-06
1743	2.31717e-06
1744	2.149e-06
1745	2.31622e-06
1746	2.13651e-06
1747	2.32536e-06
1748	2.15235e-06
1749	2.30713e-06
1750	2.14288e-06
1751	2.33133e-06
1752	2.14973e-06
1753	2.30184e-06
1754	2.12447e-06
1755	2.28705e-06
1756	2.13508e-06
1757	2.28383e-06
1758	2.127e-06
1759	2.31692e-06
1760	2.14271e-06
1761	2.30783e-06
1762	2.13511e-06
1763	2.32131e-06
1764	2.14438e-06
1765	2.30567e-06
1766	2.1179e-06
1767	2.29783e-06
1768	2.11291e-06
1769	2.25318e-06
1770	2.08711e-06
1771	2.2599e-06
1772	2.08665e-06
1773	2.22724e-06
1774	2.06013e-06
1775	2.21763e-06
1776	2.06944e-06
1777	2.20733e-06
1778	2.05722e-06
1779	2.23251e-06
1780	2.05321e-06
1781	2.20463e-06
1782	2.02561e-06
1783	2.21099e-06
1784	2.02742e-06
1785	2.17957e-06
1786	1.99529e-06
1787	2.17843e-06
1788	1.99859e-06
1789	2.14256e-06
1790	1.98279e-06
1791	2.16481e-06
1792	1.98273e-06
1793	2.13328e-06
1794	1.95974e-06
1795	2.12e-06
1796	1.96524e-06
1797	2.10401e-06
1798	1.94583e-06
1799	2.12389e-06
1800	1.9412e-06
1801	2.10394e-06
1802	1.92234e-06
1803	2.10221e-06
1804	1.92177e-06
1805	2.08552e-06
1806	1.89219e-06
1807	2.08064e-06
1808	1.89482e-06
1809	2.05251e-06
1810	1.88236e-06
1811	2.06616e-06
1812	1.87665e-06
1813	2.02771e-06
1814	1.84686e-06
1815	2.01122e-06
1816	1.73437e-06
1817	2.13554e-06
1818	1.89623e-06
1819	2.02663e-06
1820	2.04176e-06
1821	2.06277e-06
1822	1.9365e-06
1823	2.10617e-06
1824	1.94853e-06
1825	2.13276e-06
1826	1.93998e-06
1827	2.12688e-06
1828	1.93087e-06
1829	2.07484e-06
1830	1.90697e-06
1831	2.08225e-06
1832	1.90838e-06
1833	2.05313e-06
1834	1.88077e-06
1835	2.04997e-06
1836	1.89864e-06
1837	2.04035e-06
1838	1.88519e-06
1839	2.07582e-06
1840	1.90549e-06
1841	2.07266e-06
1842	1.91145e-06
1843	2.10981e-06
1844	1.94649e-06
1845	2.11568e-06
1846	1.93887e-06
1847	2.1344e-06
1848	1.97504e-06
1849	2.13445e-06
1850	1.98799e-06
1851	2.17957e-06
1852	2.01728e-06
1853	2.17878e-06
1854	2.01424e-06
1855	2.18518e-06
1856	2.05568e-06
1857	2.2074e-06
1858	2.0666e-06
1859	2.25166e-06
1860	2.08701e-06
1861	2.2548e-06
1862	2.08549e-06
1863	2.27855e-06
1864	2.10959e-06
1865	2.27663e-06
1866	2.09845e-06
1867	2.28202e-06
1868	2.11062e-06
1869	2.26545e-06
1870	2.1065e-06
1871	2.29395e-06
1872	2.11756e-06
1873	2.27234e-06
1874	2.09539e-06
1875	2.261e-06
1876	2.11049e-06
1877	2.25416e-06
1878	2.0938e-06
1879	2.27304e-06
1880	2.09829e-06
1881	2.26627e-06
1882	2.0926e-06
1883	2.2741e-06
1884	2.09634e-06
1885	2.25836e-06
1886	2.06562e-06
1887	2.25031e-06
1888	2.06038e-06
1889	2.20756e-06
1890	2.03915e-06
1891	2.21954e-06
1892	2.03834e-06
1893	2.18532e-06
1894	2.00855e-06
1895	2.17165e-06
1896	2.01728e-06
1897	2.1589e-06
1898	1.99766e-06
1899	2.17584e-06
1900	2.00267e-06
1901	2.165e-06
1902	1.99217e-06
1903	2.17488e-06
1904	1.99359e-06
1905	2.15227e-06
1906	1.96206e-06
1907	2.14183e-06
1908	1.95995e-06
1909	2.10455e-06
1910	1.9409e-06
1911	2.1216e-06
1912	1.94515e-06
1913	2.09089e-06
1914	1.92262e-06
1915	2.0793e-06
1916	1.93554e-06
1917	2.07252e-06
1918	1.91538e-06
1919	2.0904e-06
1920	1.90813e-06
1921	2.06925e-06
1922	1.88889e-06
1923	2.07659e-06
1924	1.89778e-06
1925	2.06404e-06
1926	1.87526e-06
1927	2.06124e-06
1928	1.87669e-06
1929	2.02833e-06
1930	1.86369e-06
1931	2.04588e-06
1932	1.86659e-06
1933	2.01586e-06
1934	1.83921e-06
1935	1.89264e-06
1936	1.81559e-06
1937	2.11579e-06
1938	1.87023e-06
1939	2.10518e-06
1940	1.93283e-06
1941	2.05784e-06
1942	1.90978e-06
1943	2.08222e-06
1944	1.902e-06
1945	2.08572e-06
1946	1.87689e-06
1947	2.08475e-06
1948	1.89234e-06
1949	2.03845e-06
1950	1.8718e-06
1951	2.03945e-06
1952	1.87268e-06
1953	2.01276e-06
1954	1.84968e-06
1955	2.0044e-06
1956	1.74045e-06
1957	2.13503e-06
1958	1.89258e-06
1959	2.02007e-06
1960	2.03194e-06
1961	2.05322e-06
1962	1.92641e-06
1963	2.08584e-06
1964	1.93339e-06
1965	2.11126e-06
1966	1.92546e-06
1967	2.10618e-06
1968	1.92481e-06
1969	2.07819e-06
1970	1.92242e-06
1971	2.10706e-06
1972	1.94509e-06
1973	2.09984e-06
1974	1.93125e-06
1975	2.10577e-06
1976	1.9653e-06
1977	2.10947e-06
1978	1.9556e-06
1979	2.14235e-06
1980	1.97879e-06
1981	2.15029e-06
1982	1.9859e-06
1983	2.18177e-06
1984	2.01553e-06
1985	2.18459e-06
1986	2.00244e-06
1987	2.19592e-06
1988	2.03077e-06
1989	2.18884e-06
1990	2.03856e-06
1991	2.23349e-06
1992	2.0702e-06
1993	2.23387e-06
1994	2.06843e-06
1995	2.24397e-06
1996	2.10507e-06
1997	2.25995e-06
1998	2.11487e-06
1999	2.30484e-06
2000	2.13344e-06
